 ƒ "¨­ααβΰ®©"                                                                        „ ”› 593952
                                           ‘‚…„…
                                   €‘•„… ’‹‚€  ‡€ €‚ƒ“‘’        2020  ƒ„
62014                                      „€’€ ‘—…’€ 14/09/20                                 ‹‘’   1

--------------------------------------------------------------------------------------------------------------------------------
:    :- :“’…‚‰ ‹‘’ :    ‚  „  ’ … ‹     :…ƒ: ƒ“‡-:‹-:‘’€-: ‹“—…  :‚‡‚€™… :‘’€-:   € ‘ •  „  ::
:„€’€:… :-------------------------------------:      :       :—…‘’-: ’ : ‹ (“) : ‹ (“) : ’ :---------------: +:
:    :‚…„.:… :… :                 : ’€.:    : ’: ‚  :  :-----------:-----------:  :     : ”€’  :……-:
:    :    :€— :„“- :  ”€‹ ..   :…:      :       :…‡„:‚›…‡-:   :   :   :   :‚‡- : … : /‹ :€‘- :
:    :    :      :…’€ :                 :     :      :  ’  :     : „…  : /‹ :‚…„: /‹ :‚…„:‚€’…:       :       :•„ -:
--------------------------------------------------------------------------------------------------------------------------------
                                …‡ €-92
04.08         900   88018 ‘’›ƒ€ ..         25 52.0          0        15.0   0.0    0.     0 0       8.0   7.1     7.0     0.1
14.08         900   88240 ƒ…€ ‚ ‘        9253 99.0          0         8.0  20.0    0.     0 0      14.0  13.5    14.0    -0.5
17.08         900   88153 ƒ…€ ‚ ‘        9253 83.0          0        14.0   0.0    0.     0 0       3.0  11.3    11.0     0.3
18.08         900   88156 ƒ…€ ‚ ‘        9253 80.0          0         3.0  20.0    0.     0 0      13.0  10.9    10.0     0.9
19.08         900   88274 ƒ…€ ‚ ‘        9253 100.0         0        13.0  30.0    0.     0 0      29.0  13.6    14.0    -0.4
20.08         900   88292 ƒ…€ ‚ ‘        9253 89.0          0        29.0   0.0    0.     0 0      17.0  12.1    12.0     0.1
21.08         900   88316 ƒ…€ ‚ ‘        9253 100.0         0        17.0   0.0    0.     0 0       4.0  13.6    13.0     0.6
24.08         901   88349 ƒ…€ ‚ ‘        9253 100.0         0         4.0  30.0    0.     0 0      20.0  13.6    14.0    -0.4
25.08         901   88345 ƒ…€ ‚ ‘        9253 99.0          0        20.0   0.0    0.     0 0       6.0  13.5    14.0    -0.5
26.08         901   88389 ƒ…€ ‚ ‘        9253 104.0         0         6.0  30.0    0.     0 0      22.0  14.2    14.0     0.2
27.08         901   88413 ƒ…€ ‚ ‘        9253 80.0          0        22.0   0.0    0.     0 0      12.0  10.9    10.0     0.9
28.08         901   88436 ƒ…€ ‚ ‘        9253 79.0          0        12.0  20.0    0.     0 0      22.0  10.8    10.0     0.8
31.08     2   901   88467 ƒ…€ ‚ ‘        9253 99.0          0        22.0   0.0  149.     0 0       8.0  13.5    14.0    -0.5
‘  4 31 ƒ€€†.…  10049 „ € 220030    1164.0        0        15.0 150.0  149. 0     0       8.0 158.6   157.0     1.6
ƒ‘“„€‘’‚…›‰ O… €€6622-7
‚ ’ —‘‹…  ‚„’…‹
                          ‘’›ƒ€ ..         25 52.0          0               0.0           0               7.1  7.0        0.1
                          ƒ…€ ‚ ‘        9253 1112.0        0             150.0           0             151.5  150.0      1.5
03.08         900  600778 €‹…•‚— € €    20017 620.0         0        37.0  40.0    0.     0 0      15.0  62.0    62.0     0.0
17.08         901  600781 €‹…•‚— € €    20017 590.0         0        15.0  80.0    0.     0 0      36.0  59.0    59.0     0.0
31.08     2               €‹…•‚— € €    20017 0.0           0         0.0   0.0  120.     0 0       0.0   0.0     0.0     0.0
‘  3 31 ƒ€€†.…  11118 „ € 113080    1210.0        0        37.0 120.0  120. 0     0      36.0 121.0   121.0     0.0
ƒ‘“„€‘’‚…›‰ O… 80-28€…7
                                …‡ €-95
03.08         911  600779 ’‚ €.….     20525 562.0         0        38.7  40.0    0.     0 0       9.9  69.1    68.8     0.3
17.08         911  600780 ’‚ €.….     20525 637.0         0         9.9 115.0    0.     0 0      47.0  78.4    77.9     0.5
31.08     3               ’‚ €.….     20525 0.0           0         0.0   0.0  155.     0 0       0.0   0.0     0.0     0.0
‘  3 31 ƒ€€†.…  10014 „ € 113001    1199.0        0        38.7 155.0  155. 0     0      47.0 147.5   146.7     0.8
ƒ‘“„€‘’‚…›‰ O… 0014II-7
                                „‡’‹‚
04.08           8   87991 €‹ A.B.          27 124.0      1182       338.0   0.0    0.     0 0     285.0  53.8    53.0     0.8
05.08           8   88023 €‹ A.B.          27 124.0      1189       285.0   0.0    0.     0 0     231.0  53.8    54.0    -0.2
06.08           8   88043 €‹ A.B.          27 141.0      1015       231.0   0.0    0.     0 0     174.0  57.2    57.0     0.2
07.08           8   88074 €‹ A.B.          27 124.0      1179       174.0  50.0    0.     0 0     170.0  53.7    54.0    -0.3
11.08           8   88133 €‹ A.B.          27 178.0      1605       170.0 300.0    0.     0 0     394.0  74.7    76.0    -1.3
12.08           8   88182 €‹ A.B.          27 148.0      1418       394.0   0.0    0.     0 0     329.0  64.3    65.0    -0.7
13.08           8   88208 €‹ A.B.          27 91.0        864       329.0   0.0    0.     0 0     290.0  39.4    39.0     0.4
14.08          12   88226 €‹ A.B.          27 63.0        580       290.0   0.0    0.     0 0     263.0  27.1    27.0     0.1
17.08          17   88132 €‹ A.B.          27 121.0       877       263.0   0.0    0.     0 0     222.0  47.7    41.0     6.7
24.08          17   88087 €‹ A.B.          27 105.0      1013       222.0   0.0    0.     0 0     177.0  45.7    45.0     0.7
25.08          22   88368 €‹ A.B.          27 139.0      1241       177.0 300.0    0.     0 0     418.0  59.3    59.0     0.3
26.08          22   88402 €‹ A.B.          27 82.0        764       418.0   0.0    0.     0 0     383.0  35.3    35.0     0.3
27.08          29   88425 €‹ A.B.          27 139.0      1256       383.0   0.0    0.     0 0     323.0  59.4    60.0    -0.6
28.08          29   88453 €‹ A.B.          27 121.0      1058       323.0   0.0    0.     0 0     272.0  51.3    51.0     0.3
31.08     1    29   88475 €‹ A.B.          27 129.0      1222       272.0   0.0  650.     0 0     218.0  55.8    54.0     1.8
‘  4 31 ƒ€€†.…  10332 „ € 322773    1829.0    16463       338.0 650.0  650. 0     0     218.0 778.5   770.0     8.5
ƒ‘“„€‘’‚…›‰ O… KM 2290
17.08          13   88264 €‚ H.C.        5398 149.0         0       206.0 150.0    0.     0 0     303.0  52.3    53.0    -0.7
18.08          13   88157 €‚ H.C.        5398 150.0         0       303.0 100.0    0.     0 0     350.0  52.6    53.0    -0.4
19.08          13   88291 €‚ H.C.        5398 144.0         0       350.0   0.0    0.     0 0     300.0  50.5    50.0     0.5
20.08          13   88294 €‚ H.C.        5398 146.0         0       300.0   0.0    0.     0 0     243.0  51.2    57.0    -5.8
21.08          19   88317 €‚ H.C.        5398 139.0         0       243.0   0.0    0.     0 0     189.0  54.0    54.0     0.0
--------------------------------------------------------------------------------------------------------------------------------
 ƒ "¨­ααβΰ®©"                                                                        „ ”› 593952
                                           ‘‚…„…
                                   €‘•„… ’‹‚€  ‡€ €‚ƒ“‘’        2020  ƒ„
62014                                      „€’€ ‘—…’€ 14/09/20                                 ‹‘’   2

--------------------------------------------------------------------------------------------------------------------------------
:    :- :“’…‚‰ ‹‘’ :    ‚  „  ’ … ‹     :…ƒ: ƒ“‡-:‹-:‘’€-: ‹“—…  :‚‡‚€™… :‘’€-:   € ‘ •  „  ::
:„€’€:… :-------------------------------------:      :       :—…‘’-: ’ : ‹ (“) : ‹ (“) : ’ :---------------: +:
:    :‚…„.:… :… :                 : ’€.:    : ’: ‚  :  :-----------:-----------:  :     : ”€’  :……-:
:    :    :€— :„“- :  ”€‹ ..   :…:      :       :…‡„:‚›…‡-:   :   :   :   :‚‡- : … : /‹ :€‘- :
:    :    :      :…’€ :                 :     :      :  ’  :     : „…  : /‹ :‚…„: /‹ :‚…„:‚€’…:       :       :•„ -:
--------------------------------------------------------------------------------------------------------------------------------
24.08          19   88351 €‚ H.C.        5398 150.0         0       189.0   0.0    0.     0 0     132.0  57.1    57.0     0.1
25.08          23   88385 €‚ H.C.        5398 145.0         0       132.0   0.0    0.     0 0      77.0  55.0    55.0     0.0
26.08          23   88391 €‚ H.C.        5398 137.0         0        77.0   0.0    0.     0 0      27.0  48.1    50.0    -1.9
27.08          23   88415 €‚ H.C.        5398 144.0         0        27.0 130.0    0.     0 0     100.0  57.0    57.0     0.0
28.08          30   88438 €‚ H.C.        5398 147.0         0       100.0 100.0    0.     0 0     145.0  55.1    55.0     0.1
31.08     1    30   88469 €‚ H.C.        5398 121.0         0       145.0   0.0  480.     0 0     111.0  42.4    34.0     8.4
‘ 17 31 ƒ€€†.…  10367 „ € 322773    1572.0        0       206.0 480.0  480. 0     0     111.0 575.3   575.0     0.3
ƒ‘“„€‘’‚…›‰ O… KI 0839
03.08           4   87968 “‹…         4227 140.0         0       148.0 200.0    0.     0 0     297.0  50.6    51.0    -0.4
05.08           8   88024 “‹…         4227 124.0      1167       297.0 200.0    0.     0 0     442.0  55.0    55.0     0.0
06.08           8   88042 “‹…         4227 93.0        706       442.0   0.0    0.     0 0     403.0  39.2    39.0     0.2
06.08           8   88075 “‹…         4227 80.0        709       403.0   0.0    0.     0 0     368.0  35.0    35.0     0.0
10.08           4   88105 “‹…         4227 144.0         0       368.0   0.0    0.     0 0     316.0  52.0    52.0     0.0
11.08           8   88131 “‹…         4227 80.0        694       316.0   0.0    0.     0 0     282.0  34.8    34.0     0.8
12.08           8   88181 “‹…         4227 107.0       894       282.0 250.0    0.     0 0     486.0  46.1    46.0     0.1
13.08          12   88207 “‹…         4227 100.0       934       486.0   0.0    0.     0 0     442.0  44.3    44.0     0.3
14.08          12   88225 “‹…         4227 63.0        580       442.0   0.0    0.     0 0     414.0  27.8    28.0    -0.2
17.08          12   88253 “‹…         4227 36.0          0       414.0   0.0    0.     0 0     402.0  10.5    12.0    -1.5
18.08          12   88161 “‹…         4227 138.0      1303       402.0   0.0    0.     0 0     341.0  61.2    61.0     0.2
19.08          12   88281 “‹…         4227 121.0      1193       341.0   0.0    0.     0 0     287.0  54.3    54.0     0.3
20.08          17   88300 “‹…         4227 121.0      1229       287.0 225.0    0.     0 0     457.0  54.7    55.0    -0.3
21.08          17   88326 “‹…         4227 135.0      1182       457.0   0.0    0.     0 0     399.0  58.8    58.0     0.8
24.08          22   88355 “‹…         4227 63.0        595       399.0   0.0    0.     0 0     371.0  28.0    28.0     0.0
25.08          23   88388 “‹…         4227 18.0          0       371.0   0.0    0.     0 0     365.0   5.8     6.0    -0.2
27.08          29   88426 “‹…         4227 121.0      1270       365.0 200.0    0.     0 0     510.0  55.2    55.0     0.2
28.08          29   88452 “‹…         4227 18.0          0       510.0   0.0    0.     0 0     504.0   5.2     6.0    -0.8
31.08     1    29   88476 “‹…         4227 91.0        871       504.0   0.0 1075.     0 0     463.0  40.5    41.0    -0.5
‘  3 31 ƒ€€†.…  10987 „ € 322780    1793.0    13327       148.0 1075. 1075. 0     0     463.0 759.0   760.0    -1.0
ƒ‘“„€‘’‚…›‰ O… … 0098
03.08           1   87964 …— A.C.      30661 82.0        206     2 118.0  30.0    0.     0 0     123.0  24.8    25.0    -0.2
04.08           1   87990 …— A.C.      30661 82.0        206     2 123.0  30.0    0.     0 0     128.0  24.8    25.0    -0.2
05.08           1   88022 …— A.C.      30661 148.0       386     4 128.0  70.0    0.     0 0     153.0  44.9    45.0    -0.1
06.08           2   88041 …— A.C.      30661 80.0        179     2 153.0   0.0    0.     0 0     129.0  24.2    24.0     0.2
07.08           2   88072 …— A.C.      30661 92.0        259     1 129.0  50.0    0.     0 0     151.0  27.5    28.0    -0.5
10.08           3   88083 …— A.C.      30661 73.0        167     2 151.0   0.0    0.     0 0     129.0  22.2    22.0     0.2
11.08           3   88136 …— A.C.      30661 86.0        189     2 129.0   0.0    0.     0 0     103.0  26.0    26.0     0.0
12.08           3   88179 …— A.C.      30661 88.0        141     3 103.0  90.0    0.     0 0     166.0  26.9    27.0    -0.1
13.08           5   88206 …— A.C.      30661 81.0        198     2 166.0   0.0    0.     0 0     142.0  24.5    24.0     0.5
14.08           5   88224 …— A.C.      30661 118.0       205     3 142.0   0.0    0.     0 0     106.0  35.8    36.0    -0.2
17.08          11   88251 …— A.C.      30661 105.0       305     3 106.0   0.0    0.     0 0      74.0  31.9    32.0    -0.1
18.08          11   88163 …— A.C.      30661 82.0        206     2  74.0  99.0    0.     0 0     148.0  24.8    25.0    -0.2
19.08          11   88280 …— A.C.      30661 82.0        279     2 148.0   0.0    0.     0 0     123.0  24.8    25.0    -0.2
20.08          15   88299 …— A.C.      30661 64.0         55     1 123.0   0.0    0.     0 0     103.0  19.2    20.0    -0.8
21.08          15   88321 …— A.C.      30661 104.0       241     3 103.0   0.0    0.     0 0      72.0  31.6    31.0     0.6
25.08          29   88383 …— A.C.      30661 94.0        311     4  72.0  90.0    0.     0 0     133.0  28.9    29.0    -0.1
26.08          21   88401 …— A.C.      30661 114.0       234     3 133.0   0.0    0.     0 0      98.0  34.6    35.0    -0.4
27.08          26   88357 …— A.C.      30661 82.0        170     2  98.0  65.0    0.     0 0     138.0  24.8    25.0    -0.2
28.08          26   88451 …— A.C.      30661 105.0       298     3 138.0   0.0    0.     0 0     106.0  31.9    32.0    -0.1
31.08     1    31   88474 …— A.C.      30661 70.0        150     3 106.0  35.0  559.     0 0     120.0  21.5    21.0     0.5
‘  3 31 ƒ€€†.…  11606 „ € 330599    1832.0     4385    49 118.0 559.0  559. 0     0     120.0 555.6   557.0    -1.4
ƒ‘“„€‘’‚…›‰ O… €‚5980-7
11.08           4   88174 ‘’…“‹ €..      5230 230.0         0     4 158.0   0.0    0.     0 0      89.0  69.2    69.0     0.2
13.08           3   88204 ‘’…“‹ €..      5230 106.0       330     3  89.0 100.0    0.     0 0     157.0  32.2    32.0     0.2
15.08          11   88243 ‹‚— ‹.€.    30718 58.0        121     2 157.0   0.0    0.     0 0     139.0  17.7    18.0    -0.3
--------------------------------------------------------------------------------------------------------------------------------
 ƒ "¨­ααβΰ®©"                                                                        „ ”› 593952
                                           ‘‚…„…
                                   €‘•„… ’‹‚€  ‡€ €‚ƒ“‘’        2020  ƒ„
62014                                      „€’€ ‘—…’€ 14/09/20                                 ‹‘’   3

--------------------------------------------------------------------------------------------------------------------------------
:    :- :“’…‚‰ ‹‘’ :    ‚  „  ’ … ‹     :…ƒ: ƒ“‡-:‹-:‘’€-: ‹“—…  :‚‡‚€™… :‘’€-:   € ‘ •  „  ::
:„€’€:… :-------------------------------------:      :       :—…‘’-: ’ : ‹ (“) : ‹ (“) : ’ :---------------: +:
:    :‚…„.:… :… :                 : ’€.:    : ’: ‚  :  :-----------:-----------:  :     : ”€’  :……-:
:    :    :€— :„“- :  ”€‹ ..   :…:      :       :…‡„:‚›…‡-:   :   :   :   :‚‡- : … : /‹ :€‘- :
:    :    :      :…’€ :                 :     :      :  ’  :     : „…  : /‹ :‚…„: /‹ :‚…„:‚€’…:       :       :•„ -:
--------------------------------------------------------------------------------------------------------------------------------
18.08          13   88159 ‹‚— ‹.€.    30718 172.0         0     7 139.0   0.0    0.     0 0      87.0  52.8    52.0     0.8
19.08          13   88277 ‹‚— ‹.€.    30718 191.0         0    12  87.0  60.0    0.     0 0      89.0  59.7    58.0     1.7
20.08          17   88344 ‹‚— ‹.€.    30718 100.0       241     3  89.0   0.0    0.     0 0      59.0  30.4    30.0     0.4
22.08          15   88339 ‹‚— ‹.€.    30718 90.0        268     3  59.0  80.0    0.     0 0     112.0  27.4    27.0     0.4
24.08          19   88353 ‹‚— ‹.€.    30718 196.0         0     8 112.0   0.0    0.     0 0      53.0  60.1    59.0     1.1
25.08          19   88347 ‹‚— ‹.€.    30718 174.0         0    10  53.0 100.0    0.     0 0     100.0  54.1    53.0     1.1
26.08          23   88393 ‹‚— ‹.€.    30718 170.0         0    10 100.0   0.0    0.     0 0      47.0  52.9    53.0    -0.1
27.08          22   88423 ‹‚— ‹.€.    30718 228.0       563     3  47.0  66.0    0.     0 0      46.0  67.0    67.0     0.0
28.08          30   88440 ‹‚— ‹.€.    30718 172.0         0    10  46.0  75.0    0.     0 0      68.0  53.5    53.0     0.5
29.08          31   88464 ‹‚— ‹.€.    30718 84.0        165     3  68.0   0.0    0.     0 0      43.0  25.7    25.0     0.7
31.08     1    30   88471 ‹‚— ‹.€.    30718 184.0         0     8  43.0 100.0  581.     0 0      88.0  56.6    55.0     1.6
‘ 11 31 ƒ€€†.…  11614 „ € 330598    2155.0     1688    86 158.0 581.0  581. 0     0      88.0 659.3   651.0     8.3
ƒ‘“„€‘’‚…›‰ O… €‚5978-7
‚ ’ —‘‹…  ‚„’…‹
                          ‘’…“‹ €..      5230 336.0       330             100.0           0             101.4  101.0      0.4
                          ‹‚— ‹.€.    30718 1819.0     1358             481.0           0             557.9  550.0      7.9
01.08           7   87960 €‚—“ ƒ.”.      9644 310.0       367     4 105.0 100.0    0.     0 0     110.0  90.2    95.0    -4.8
02.08           7   87961 €‚—“ ƒ.”.      9644 152.0       162     2 110.0 100.0    0.     0 0     165.0  45.6    45.0     0.6
03.08           7   87965 €‚—“ ƒ.”.      9644 312.0       576     4 165.0   0.0    0.     0 0      70.0  92.2    95.0    -2.8
05.08           7   87992 €‚—“ ƒ.”.      9644 212.0       316     3  70.0 100.0    0.     0 0     110.0  63.6    60.0     3.6
06.08           7   88044 €‚—“ ƒ.”.      9644 142.0       209     2 110.0  60.0    0.     0 0     130.0  42.6    40.0     2.6
07.08           7   88076 €‚—“ ƒ.”.      9644 152.0       162     2 130.0   0.0    0.     0 0      85.0  45.6    45.0     0.6
08.08           7   88088 €‚—“ ƒ.”.      9644 320.0       364     4  85.0 100.0    0.     0 0      90.0  93.2    95.0    -1.8
09.08           7   88089 €‚—“ ƒ.”.      9644 204.0       166     2  90.0  96.0    0.     0 0     130.0  58.2    56.0     2.2
10.08           7   88090 €‚—“ ƒ.”.      9644 320.0       389     4 130.0 100.0    0.     0 0     135.0  93.2    95.0    -1.8
11.08           7   88138 €‚—“ ƒ.”.      9644 346.0       780     4 135.0  40.0    0.     0 0      75.0  99.6   100.0    -0.4
12.08           7   88183 €‚—“ ƒ.”.      9644 300.0       461     4  75.0  70.0    0.     0 0      55.0  88.6    90.0    -1.4
13.08           7   88209 €‚—“ ƒ.”.      9644 252.0       488     3  55.0 100.0    0.     0 0      80.0  72.7    75.0    -2.3
14.08           7   88238 €‚—“ ƒ.”.      9644 152.0       194     2  80.0 100.0    0.     0 0     135.0  45.6    45.0     0.6
16.08           7   88247 €‚—“ ƒ.”.      9644 204.0       229     2 135.0  60.0    0.     0 0     140.0  58.2    55.0     3.2
17.08          12   88255 €‚—“ ƒ.”.      9644 202.0       278     3 140.0  80.0    0.     0 0     160.0  59.2    60.0    -0.8
18.08          12   88164 €‚—“ ƒ.”.      9644 294.0       466     4 160.0  70.0    0.     0 0     145.0  86.8    85.0     1.8
19.08          12   88282 €‚—“ ƒ.”.      9644 298.0       138     4 145.0  60.0    0.     0 0     115.0  88.0    90.0    -2.0
20.08          12   88304 €‚—“ ƒ.”.      9644 236.0       369     3 115.0  50.0    0.     0 0      95.0  69.4    70.0    -0.6
21.08          18   88322 €‚—“ ƒ.”.      9644 204.0       211     3  95.0  50.0    0.     0 0      85.0  61.3    60.0     1.3
24.08          18   88358 €‚—“ ƒ.”.      9644 276.0       546     4  85.0  50.0    0.     0 0      55.0  81.5    80.0     1.5
25.08          22   88369 €‚—“ ƒ.”.      9644 242.0       529     3  55.0  90.0    0.     0 0      75.0  71.1    70.0     1.1
26.08          22   88403 €‚—“ ƒ.”.      9644 358.0       809     5  75.0  72.0    0.     0 0      40.0 106.1   107.0    -0.9
27.08          22   88424 €‚—“ ƒ.”.      9644 222.0       393     3  40.0  91.0    0.     0 0      62.0  65.2    69.0    -3.8
28.08          29   88454 €‚—“ ƒ.”.      9644 310.0       531     4  62.0  75.0    0.     0 0      48.0  90.2    89.0     1.2
29.08          29   88447 €‚—“ ƒ.”.      9644 226.0       274     3  48.0  98.0    0.     0 0      78.0  66.4    68.0    -1.6
30.08          29   88466 €‚—“ ƒ.”.      9644 94.0         65     1  78.0  76.0    0.     0 0     128.0  28.1    26.0     2.1
31.08     1               €—‹ € €        9024 0.0           0         0.0   0.0 1887.     0 0       0.0   0.0     0.0     0.0
‘  1 31 ƒ€€†.…  11622 „ € 330598    6340.0     9472    82 105.0 1888. 1887. 0     0     128.0 1862.4 1865.0    -2.6
ƒ‘“„€‘’‚…›‰ O… €‚5981-7
‚ ’ —‘‹…  ‚„’…‹
                          €‚—“ ƒ.”.      9644 6340.0     9473             1888.           0             1862.4 1865.0    -2.6
                          €—‹ € €        9024 0.0           0               0.0           0               0.0  0.0        0.0
01.08           4   87984 ‘’…“‹ €..      5230 5.0           0     1 115.0   0.0    0.     0 0     113.0   1.5     2.0    -0.5
04.08           7   88006 ‘’…“‹ €..      5230 148.0       195     2 113.0   0.0    0.     0 0      69.0  44.4    44.0     0.4
07.08           4   88081 ‘’…“‹ €..      5230 160.0         0    10  69.0   0.0    0.     0 0      20.0  50.0    49.0     1.0
25.08          22   88387 ‘’…“‹ €..      5230 154.0       242     2  20.0  90.0    0.     0 0      64.0  44.7    46.0    -1.3
31.08     1    29   88478 ‘’…“‹ €..      5230 94.0         32     1  64.0  36.0  126.     0 0      72.0  28.1    28.0     0.1
‘  1 31 ƒ€€†.…  11721 „ € 330602    561.0       469    16 115.0 126.0  126. 0     0      72.0 168.7   169.0    -0.3
--------------------------------------------------------------------------------------------------------------------------------
 ƒ "¨­ααβΰ®©"                                                                        „ ”› 593952
                                           ‘‚…„…
                                   €‘•„… ’‹‚€  ‡€ €‚ƒ“‘’        2020  ƒ„
62014                                      „€’€ ‘—…’€ 14/09/20                                 ‹‘’   4

--------------------------------------------------------------------------------------------------------------------------------
:    :- :“’…‚‰ ‹‘’ :    ‚  „  ’ … ‹     :…ƒ: ƒ“‡-:‹-:‘’€-: ‹“—…  :‚‡‚€™… :‘’€-:   € ‘ •  „  ::
:„€’€:… :-------------------------------------:      :       :—…‘’-: ’ : ‹ (“) : ‹ (“) : ’ :---------------: +:
:    :‚…„.:… :… :                 : ’€.:    : ’: ‚  :  :-----------:-----------:  :     : ”€’  :……-:
:    :    :€— :„“- :  ”€‹ ..   :…:      :       :…‡„:‚›…‡-:   :   :   :   :‚‡- : … : /‹ :€‘- :
:    :    :      :…’€ :                 :     :      :  ’  :     : „…  : /‹ :‚…„: /‹ :‚…„:‚€’…:       :       :•„ -:
--------------------------------------------------------------------------------------------------------------------------------
ƒ‘“„€‘’‚…›‰ O… €0119-7
04.08           4   88007 ‹€“–‰ ”       8664 150.0         0     3  62.0   0.0    0.     0 0      17.0  45.2    45.0     0.2
07.08           2   88071 ‹€“–‰ ”       8664 100.0       269     3  17.0 100.0    0.     0 0      87.0  30.4    30.0     0.4
10.08           3   88086 ‹€“–‰ ”       8664 196.0       553     4  87.0   0.0    0.     0 0      28.0  59.1    59.0     0.1
11.08          11   88135 ‹€“–‰ ”       8664 128.0       303     4  28.0 100.0    0.     0 0      89.0  39.0    39.0     0.0
12.08           5   88178 ‹€“–‰ ”       8664 108.0       176     3  89.0   0.0    0.     0 0      56.0  32.8    33.0    -0.2
13.08           5   88203 ‹€“–‰ ”       8664 138.0       339     4  56.0   0.0    0.     0 0      14.0  41.9    42.0    -0.1
14.08          11   88222 ‹€“–‰ ”       8664 117.0       192     4  14.0 100.0    0.     0 0      78.0  35.7    36.0    -0.3
17.08          11   88250 ‹€“–‰ ”       8664 122.0       304     2  78.0   0.0    0.     0 0      41.0  36.7    37.0    -0.3
18.08          11   88165 ‹€“–‰ ”       8664 50.0        113     1  41.0   0.0    0.     0 0      25.0  15.1    16.0    -0.9
19.08          11   88283 ‹€“–‰ ”       8664 124.0       436     4  25.0  60.0    0.     0 0      48.0  37.8    37.0     0.8
20.08          18   88305 ‹€“–‰ ”       8664 84.0        103     2  48.0  60.0    0.     0 0      83.0  25.4    25.0     0.4
21.08          21   88323 ‹€“–‰ ”       8664 112.0       297     3  83.0   0.0    0.     0 0      49.0  34.0    34.0     0.0
24.08          21   88359 ‹€“–‰ ”       8664 104.0       179     3  49.0  70.0    0.     0 0      88.0  31.6    31.0     0.6
25.08          21   88370 ‹€“–‰ ”       8664 166.0       346     5  88.0   0.0    0.     0 0      38.0  50.5    50.0     0.5
26.08          21   88404 ‹€“–‰ ”       8664 126.0       344     4  38.0  70.0    0.     0 0      70.0  38.4    38.0     0.4
27.08          26   88427 ‹€“–‰ ”       8664 128.0       195     4  70.0   0.0    0.     0 0      31.0  39.0    39.0     0.0
28.08          26   88455 ‹€“–‰ ”       8664 172.0       464     5  31.0  75.0    0.     0 0      54.0  52.3    52.0     0.3
31.08     1               ‹€“–‰ ”       8664 0.0           0         0.0   0.0  635.     0 0       0.0   0.0     0.0     0.0
‘  4 31 ƒ€€†.…  11738 „ € 330602    2125.0     4613    58  62.0 635.0  635. 0     0      54.0 644.9   643.0     1.9
ƒ‘“„€‘’‚…›‰ O… €0118-7
05.08           4   88026 …‰€ ..        4161 178.0         0        68.0   0.0    0.     0 0      36.0  32.0    32.0     0.0
06.08         900   88037 …‰€ ..        4161 51.0          0        36.0   0.0    0.     0 0      27.0   9.2     9.0     0.2
07.08           4   88078 …‰€ ..        4161 268.0         0        27.0  80.0    0.     0 0      58.0  48.2    49.0    -0.8
10.08           4   88106 €’›‚ ‚..    19061 164.0         0        58.0   0.0    0.     0 0      29.0  29.5    29.0     0.5
27.08          30   88416 …‰€ ..        4161 173.0         0        29.0  80.0    0.     0 0      78.0  31.1    31.0     0.1
28.08          30   88439 …‰€ ..        4161 178.0         0        78.0   0.0    0.     0 0      46.0  32.0    32.0     0.0
31.08     1    30   88470 …‰€ ..        4161 173.0         0        46.0   0.0  160.     0 0      15.0  31.1    31.0     0.1
‘  5 31 ƒ€€†.…  11746 „ € 310900    1185.0        0        68.0 160.0  160. 0     0      15.0 213.1   213.0     0.1
ƒ‘“„€‘’‚…›‰ O… €0116-7
‚ ’ —‘‹…  ‚„’…‹
                          …‰€ ..        4161 1021.0        0             160.0           0             183.6  184.0     -0.4
                          €’›‚ ‚..    19061 164.0         0               0.0           0              29.5  29.0       0.5
01.08           1   87995 ‹‰ A.A.        2021 130.0       146     4 120.0 100.0    0.     0 0     181.0  39.6    39.0     0.6
03.08           1   87996 ‹‰ A.A.        2021 112.0       211     4 181.0   0.0    0.     0 0     147.0  34.2    34.0     0.2
04.08           1   87997 ‹‰ A.A.        2021 104.0       304     4 147.0   0.0    0.     0 0     115.0  31.9    32.0    -0.1
05.08           1   88045 ‹‰ A.A.        2021 112.0       246     4 115.0 100.0    0.     0 0     181.0  34.2    34.0     0.2
06.08           2   88046 ‹‰ A.A.        2021 104.0       209     4 181.0   0.0    0.     0 0     149.0  31.9    32.0    -0.1
07.08           2   88047 ‹‰ A.A.        2021 88.0        264     3 149.0   0.0    0.     0 0     122.0  26.9    27.0    -0.1
08.08           2   88095 ‹‰ A.A.        2021 84.0         92     3 122.0   0.0    0.     0 0      97.0  25.7    25.0     0.7
10.08           3   88096 ‹‰ A.A.        2021 124.0       250     5  97.0 100.0    0.     0 0     159.0  38.0    38.0     0.0
11.08           3   88097 ‹‰ A.A.        2021 126.0       245     5 159.0   0.0    0.     0 0     121.0  38.6    38.0     0.6
12.08           5   88099 ‹‰ A.A.        2021 150.0       241     5 121.0   0.0    0.     0 0      75.0  45.7    46.0    -0.3
13.08           5   88145 ‹‰ A.A.        2021 142.0       361     5  75.0 100.0    0.     0 0     132.0  43.4    43.0     0.4
14.08           5   88146 ‹‰ A.A.        2021 84.0        169     3 132.0   0.0    0.     0 0     107.0  25.7    25.0     0.7
15.08           5   88147 ‹‰ A.A.        2021 84.0        195     3 107.0   0.0    0.     0 0      82.0  25.7    25.0     0.7
17.08          11   88195 ‹‰ A.A.        2021 104.0       182     4  82.0  80.0    0.     0 0     130.0  31.9    32.0    -0.1
18.08          11   88196 ‹‰ A.A.        2021 96.0        180     4 130.0   0.0    0.     0 0     101.0  29.5    29.0     0.5
19.08          15   88301 ‹‰ A.A.        2021 108.0       337     4 101.0   0.0    0.     0 0      68.0  33.0    33.0     0.0
20.08          15   88302 ‹‰ A.A.        2021 76.0        114     3  68.0  69.0    0.     0 0     114.0  23.3    23.0     0.3
21.08          15   88303 ‹‰ A.A.        2021 126.0       232     4 114.0   0.0    0.     0 0      76.0  38.4    38.0     0.4
22.08          15   88341 ‹‰ A.A.        2021 92.0        120     4  76.0  80.0    0.     0 0     127.0  28.3    29.0    -0.7
24.08          18   88342 ‹‰ A.A.        2021 104.0       202     4 127.0   0.0    0.     0 0      95.0  31.9    32.0    -0.1
25.08          18   88343 ‹‰ A.A.        2021 108.0       146     4  95.0  70.0    0.     0 0     132.0  33.0    33.0     0.0
--------------------------------------------------------------------------------------------------------------------------------
 ƒ "¨­ααβΰ®©"                                                                        „ ”› 593952
                                           ‘‚…„…
                                   €‘•„… ’‹‚€  ‡€ €‚ƒ“‘’        2020  ƒ„
62014                                      „€’€ ‘—…’€ 14/09/20                                 ‹‘’   5

--------------------------------------------------------------------------------------------------------------------------------
:    :- :“’…‚‰ ‹‘’ :    ‚  „  ’ … ‹     :…ƒ: ƒ“‡-:‹-:‘’€-: ‹“—…  :‚‡‚€™… :‘’€-:   € ‘ •  „  ::
:„€’€:… :-------------------------------------:      :       :—…‘’-: ’ : ‹ (“) : ‹ (“) : ’ :---------------: +:
:    :‚…„.:… :… :                 : ’€.:    : ’: ‚  :  :-----------:-----------:  :     : ”€’  :……-:
:    :    :€— :„“- :  ”€‹ ..   :…:      :       :…‡„:‚›…‡-:   :   :   :   :‚‡- : … : /‹ :€‘- :
:    :    :      :…’€ :                 :     :      :  ’  :     : „…  : /‹ :‚…„: /‹ :‚…„:‚€’…:       :       :•„ -:
--------------------------------------------------------------------------------------------------------------------------------
26.08          21   88371 ‹‰ A.A.        2021 84.0        217     3 132.0   0.0    0.     0 0     106.0  25.7    26.0    -0.3
27.08          26   88372 ‹‰ A.A.        2021 76.0        112     3 106.0  66.0    0.     0 0     148.0  23.3    24.0    -0.7
28.08          26   88373 ‹‰ A.A.        2021 108.0       150     4 148.0   0.0    0.     0 0     115.0  33.0    33.0     0.0
29.08          31   88398 ‹‰ A.A.        2021 90.0        134     4 115.0  48.0    0.     0 0     134.0  27.7    29.0    -1.3
31.08     1    31   88399 ‹‰ A.A.        2021 94.0        161     4 134.0  36.0  849.     0 0     140.0  28.9    30.0    -1.1
‘  1 31 ƒ€€†.…  11754 „ € 330599    2710.0     5220   101 120.0 849.0  849. 0     0     140.0 829.4   829.0     0.4
ƒ‘“„€‘’‚…›‰ O… €1122-7
03.08           1   87966 •€’‚ C.ƒ.    8923 96.0        158     3  70.0   0.0    0.     0 0      41.0  29.2    29.0     0.2
04.08           1   87993 •€’‚ C.ƒ.    8923 106.0       197     4  41.0  80.0    0.     0 0      89.0  32.4    32.0     0.4
05.08           2   88025 •€’‚ C.ƒ.    8923 118.0       324     5  89.0   0.0    0.     0 0      53.0  36.3    36.0     0.3
06.08           2   88051 •€’‚ C.ƒ.    8923 132.0       437     6  53.0  80.0    0.     0 0      93.0  40.7    40.0     0.7
07.08           2   88070 •€’‚ C.ƒ.    8923 106.0       250     4  93.0   0.0    0.     0 0      60.0  32.4    33.0    -0.6
10.08           3   88085 •€’‚ C.ƒ.    8923 116.0       220     4  60.0   0.0    0.     0 0      25.0  35.4    35.0     0.4
11.08           3   88134 •€’‚ C.ƒ.    8923 108.0       298     3  25.0  80.0    0.     0 0      72.0  32.8    33.0    -0.2
12.08           3   88177 •€’‚ C.ƒ.    8923 114.0       249     3  72.0   0.0    0.     0 0      38.0  34.6    34.0     0.6
13.08           5   88202 •€’‚ C.ƒ.    8923 140.0       440     5  38.0   0.0    0.     0 0       1.0  42.8    37.0     5.8
14.08          11   88221 •€’‚ C.ƒ.    8923 136.0       271     5   1.0  90.0    0.     0 0      49.0  41.6    42.0    -0.4
17.08          15   88249 •€’‚ C.ƒ.    8923 110.0       205     4  49.0   0.0    0.     0 0      15.0  33.6    34.0    -0.4
18.08          15   88166 •€’‚ C.ƒ.    8923 106.0       235     4  15.0  80.0    0.     0 0      63.0  32.4    32.0     0.4
19.08          15   88284 •€’‚ C.ƒ.    8923 142.0       431     5  63.0   0.0    0.     0 0      20.0  43.4    43.0     0.4
20.08          18   88306 •€’‚ C.ƒ.    8923 98.0        251     4  20.0  69.0    0.     0 0      59.0  30.1    30.0     0.1
21.08          18   88324 •€’‚ C.ƒ.    8923 98.0        212     4  59.0   0.0    0.     0 0      29.0  30.1    30.0     0.1
24.08          21   88360 •€’‚ C.ƒ.    8923 98.0        239     4  29.0  70.0    0.     0 0      69.0  30.1    30.0     0.1
25.08          21   88374 •€’‚ C.ƒ.    8923 78.0        134     3  69.0   0.0    0.     0 0      45.0  23.9    24.0    -0.1
26.08          31   88405 •€’‚ C.ƒ.    8923 94.0        177     3  45.0  70.0    0.     0 0      87.0  28.6    28.0     0.6
27.08          31   88428 •€’‚ C.ƒ.    8923 78.0        169     3  87.0   0.0    0.     0 0      63.0  23.9    24.0    -0.1
28.08          31   88456 •€’‚ C.ƒ.    8923 78.0        157     3  63.0   0.0    0.     0 0      39.0  23.9    24.0    -0.1
31.08     1    31   88473 •€’‚ C.ƒ.    8923 106.0       334     4  39.0  36.0  655.     0 0      35.0  32.4    40.0    -7.6
‘  3 31 ƒ€€†.…  11771 „ € 330598    2258.0     5388    83  70.0 655.0  655. 0     0      35.0 690.6   690.0     0.6
ƒ‘“„€‘’‚…›‰ O… €3434-7
01.08           1   87998 € ‚ ‚         9318 106.0       187     4  48.0   0.0    0.     0 0      16.0  32.4    32.0     0.4
03.08           1   87999 € ‚ ‚         9318 100.0       203     4  16.0 100.0    0.     0 0      85.0  30.7    31.0    -0.3
04.08           1   88000 € ‚ ‚         9318 108.0       271     4  85.0  90.0    0.     0 0     142.0  33.0    33.0     0.0
05.08           1   88048 € ‚ ‚         9318 124.0       291     4 142.0   0.0    0.     0 0     104.0  37.8    38.0    -0.2
06.08           2   88049 € ‚ ‚         9318 134.0       336     4 104.0  80.0    0.     0 0     144.0  40.7    40.0     0.7
07.08           2   88050 € ‚ ‚         9318 102.0       223     4 144.0   0.0    0.     0 0     112.0  31.3    32.0    -0.7
08.08           2   88098 € ‚ ‚         9318 40.0         32     1 112.0   0.0    0.     0 0     100.0  12.1    12.0     0.1
10.08           3   88100 € ‚ ‚         9318 164.0       516     6 100.0   0.0    0.     0 0      50.0  50.1    50.0     0.1
11.08           3   88148 € ‚ ‚         9318 136.0       371     4  50.0 100.0    0.     0 0     109.0  41.3    41.0     0.3
12.08           5   88149 € ‚ ‚         9318 186.0       627     5 109.0   0.0    0.     0 0      52.0  56.4    57.0    -0.6
31.08     1    31   88150 € ‚ ‚         9318 102.0       358     4  52.0  35.0  405.     0 0      56.0  31.3    31.0     0.3
‘  1 31 ƒ€€†.…  11789 „ € 330599    1302.0     3415    44  48.0 405.0  405. 0     0      56.0 397.1   397.0     0.1
ƒ‘“„€‘’‚…›‰ O… AM9776-7
03.08           4   87981 €—‹ € €        9024 152.0         0     7 158.0   0.0    0.     0 0     111.0  46.8    47.0    -0.2
04.08           4   88001 €—‹ € €        9024 28.0          0     1 111.0   0.0    0.     0 0     103.0   7.5     8.0    -0.5
06.08           4   88039 €—‹ € €        9024 173.0         0    11 103.0 100.0    0.     0 0     149.0  54.1    54.0     0.1
07.08           4   88080 €—‹ € €        9024 172.0         0    12 149.0  60.0    0.     0 0     155.0  54.0    54.0     0.0
10.08           4   88107 €—‹ € €        9024 175.0         0    10 155.0   0.0    0.     0 0     101.0  54.4    54.0     0.4
11.08           4   88173 €—‹ € €        9024 186.0         0     8 101.0 100.0    0.     0 0     145.0  57.2    56.0     1.2
12.08           4   88192 €—‹ € €        9024 183.0         0     7 145.0  80.0    0.     0 0     179.0  56.0    46.0    10.0
13.08           4   88218 €—‹ € €        9024 172.0         0    12 179.0   0.0    0.     0 0     125.0  54.0    54.0     0.0
14.08           4   88151 €—‹ € €        9024 176.0         0     7 125.0  80.0    0.     0 0     151.0  54.0    54.0     0.0
17.08          13   88265 €—‹ € €        9024 182.0         0     8 151.0   0.0    0.     0 0      95.0  56.0    56.0     0.0
18.08          12   88273 €—‹ € €        9024 190.0       356     3  95.0  99.0    0.     0 0     137.0  57.1    57.0     0.1
--------------------------------------------------------------------------------------------------------------------------------
 ƒ "¨­ααβΰ®©"                                                                        „ ”› 593952
                                           ‘‚…„…
                                   €‘•„… ’‹‚€  ‡€ €‚ƒ“‘’        2020  ƒ„
62014                                      „€’€ ‘—…’€ 14/09/20                                 ‹‘’   6

--------------------------------------------------------------------------------------------------------------------------------
:    :- :“’…‚‰ ‹‘’ :    ‚  „  ’ … ‹     :…ƒ: ƒ“‡-:‹-:‘’€-: ‹“—…  :‚‡‚€™… :‘’€-:   € ‘ •  „  ::
:„€’€:… :-------------------------------------:      :       :—…‘’-: ’ : ‹ (“) : ‹ (“) : ’ :---------------: +:
:    :‚…„.:… :… :                 : ’€.:    : ’: ‚  :  :-----------:-----------:  :     : ”€’  :……-:
:    :    :€— :„“- :  ”€‹ ..   :…:      :       :…‡„:‚›…‡-:   :   :   :   :‚‡- : … : /‹ :€‘- :
:    :    :      :…’€ :                 :     :      :  ’  :     : „…  : /‹ :‚…„: /‹ :‚…„:‚€’…:       :       :•„ -:
--------------------------------------------------------------------------------------------------------------------------------
20.08          13   88296 €—‹ € €        9024 185.0         0     8 137.0   0.0    0.     0 0      80.0  56.9    57.0    -0.1
21.08          13   88318 €—‹ € €        9024 185.0         0     8  80.0  72.0    0.     0 0      95.0  56.9    57.0    -0.1
24.08          15   88366 €—‹ € €        9024 89.0        145     2  95.0  80.0    0.     0 0     145.0  26.9    30.0    -3.1
25.08          23   88348 €—‹ € €        9024 176.0         0     9 145.0  60.0    0.     0 0     147.0  54.5    58.0    -3.5
26.08          23   88394 €—‹ € €        9024 175.0         0     9 147.0  50.0    0.     0 0     140.0  54.2    57.0    -2.8
27.08          23   88419 €—‹ € €        9024 182.0         0     9 140.0  60.0    0.     0 0     142.0  56.2    58.0    -1.8
31.08     1               €—‹ € €        9024 0.0           0         0.0   0.0  841.     0 0       0.0   0.0     0.0     0.0
‘  3 31 ƒ€€†.…  11801 „ € 330599    2781.0      501   131 158.0 841.0  841. 0     0     142.0 856.7   857.0    -0.3
ƒ‘“„€‘’‚…›‰ O… AM9778-7
03.08           1   87963 ‹•’… ‹.‹.   32212 106.0       239     2 121.0   0.0    0.     0 0      89.0  31.9    32.0    -0.1
04.08           1   87989 ‹•’… ‹.‹.   32212 141.0       329     3  89.0  80.0    0.     0 0     127.0  42.6    42.0     0.6
05.08           2   88021 ‹•’… ‹.‹.   32212 180.0       464     4 127.0   0.0    0.     0 0      73.0  54.4    54.0     0.4
06.08           2   88040 ‹•’… ‹.‹.   32212 108.0       239     2  73.0   0.0    0.     0 0      40.0  32.5    33.0    -0.5
07.08           2   88073 ‹•’… ‹.‹.   32212 142.0       311     3  40.0  70.0    0.     0 0      67.0  42.9    43.0    -0.1
10.08           3   88084 ‹•’… ‹.‹.   32212 143.0       315     3  67.0 100.0    0.     0 0     124.0  43.2    43.0     0.2
11.08           3   88137 ‹•’… ‹.‹.   32212 144.0       373     3 124.0   0.0    0.     0 0      81.0  43.5    43.0     0.5
12.08           5   88180 ‹•’… ‹.‹.   32212 108.0       239     2  81.0  90.0    0.     0 0     138.0  32.5    33.0    -0.5
13.08           5   88205 ‹•’… ‹.‹.   32212 81.0        219     2 138.0   0.0    0.     0 0     114.0  24.5    24.0     0.5
14.08           5   88223 ‹•’… ‹.‹.   32212 94.0        167     3 114.0   0.0    0.     0 0      86.0  28.6    28.0     0.6
17.08          11   88252 ‹•’… ‹.‹.   32212 141.0       299     3  86.0  82.0    0.     0 0     126.0  42.6    42.0     0.6
18.08          11   88162 ‹•’… ‹.‹.   32212 94.0        219     2 126.0   0.0    0.     0 0      98.0  28.4    28.0     0.4
19.08          15   88279 ‹•’… ‹.‹.   32212 99.0        240     2  98.0  60.0    0.     0 0     128.0  29.9    30.0    -0.1
20.08          15   88298 ‹•’… ‹.‹.   32212 96.0        226     2 128.0   0.0    0.     0 0     100.0  29.0    28.0     1.0
21.08          15   88320 ‹•’… ‹.‹.   32212 166.0       444     4 100.0   0.0    0.     0 0      50.0  50.2    50.0     0.2
24.08          18   88356 ‹•’… ‹.‹.   32212 126.0       315     3  50.0  80.0    0.     0 0      92.0  38.1    38.0     0.1
25.08          18   88379 ‹•’… ‹.‹.   32212 152.0       403     4  92.0  60.0    0.     0 0     105.0  46.1    47.0    -0.9
26.08          26   88400 ‹•’… ‹.‹.   32212 150.0       396     4 105.0  70.0    0.     0 0     130.0  45.5    45.0     0.5
27.08          26   88421 ‹•’… ‹.‹.   32212 76.0        150     2 130.0   0.0    0.     0 0     107.0  23.0    23.0     0.0
28.08          26   88445 ‹•’… ‹.‹.   32212 108.0       239     2 107.0   0.0    0.     0 0      75.0  32.5    32.0     0.5
31.08     1    29   88477 ‹•’… ‹.‹.   32212 76.0        129     2  75.0   0.0  692.     0 0      52.0  23.0    23.0     0.0
‘  3 31 ƒ€€†.…  11819 „ € 330602    2531.0     5955    57 121.0 692.0  692. 0     0      52.0 764.9   761.0     3.9
ƒ‘“„€‘’‚…›‰ O… €H3129-7
01.08           4   87959 “…‰ B.C.      1971 165.0         0     4 125.0   0.0    0.     0 0      75.0  49.9    50.0    -0.1
03.08           4   87967 “…‰ B.C.      1971 197.0         0    11  75.0 100.0    0.     0 0     114.0  61.2    61.0     0.2
04.08           4   88002 “…‰ B.C.      1971 198.0         0     9 114.0  40.0    0.     0 0      93.0  61.0    61.0     0.0
05.08           4   88020 “…‰ B.C.      1971 169.0         0     8  93.0   0.0    0.     0 0      41.0  52.1    52.0     0.1
17.08          13   88266 “…‰ B.C.      1971 172.0         0     8  41.0  82.0    0.     0 0      70.0  53.0    53.0     0.0
18.08          13   88160 “…‰ B.C.      1971 187.0         0    10  70.0  60.0    0.     0 0      72.0  58.0    58.0     0.0
19.08          13   88278 “…‰ B.C.      1971 192.0         0     8  72.0  97.0    0.     0 0     113.0  59.0    56.0     3.0
20.08          13   88297 “…‰ B.C.      1971 197.0         0    10 113.0 100.0    0.     0 0     152.0  60.9    61.0    -0.1
21.08          13   88319 “…‰ B.C.      1971 192.0         0     8 152.0   0.0    0.     0 0      93.0  59.0    59.0     0.0
22.08          19   88338 “…‰ B.C.      1971 157.0         0    10  93.0  88.0    0.     0 0     132.0  49.1    49.0     0.1
24.08          19   88354 “…‰ B.C.      1971 198.0         0     9 132.0  83.0    0.     0 0     153.0  61.0    62.0    -1.0
25.08          23   88367 “…‰ B.C.      1971 182.0         0     8 153.0   0.0    0.     0 0      97.0  56.0    56.0     0.0
26.08          23   88395 “…‰ B.C.      1971 187.0         0    10  97.0   0.0    0.     0 0      39.0  58.0    58.0     0.0
27.08          23   88420 “…‰ B.C.      1971 195.0         0     9  39.0  66.0    0.     0 0      45.0  60.1    60.0     0.1
28.08          30   88441 “…‰ B.C.      1971 197.0         0    10  45.0  75.0    0.     0 0      59.0  60.9    61.0    -0.1
29.08          30   88465 “…‰ B.C.      1971 141.0         0     5  59.0  48.0    0.     0 0      64.0  43.1    43.0     0.1
31.08     1    30   88472 “…‰ B.C.      1971 187.0         0    10  64.0  60.0  899.     0 0      66.0  58.0    58.0     0.0
‘  1 31 ƒ€€†.…  11827 „ € 330602    3113.0        0   147 125.0 899.0  899. 0     0      66.0 960.3   958.0     2.3
ƒ‘“„€‘’‚…›‰ O… €5270-7
28.07           9   87882 ‘‹‚…‰ .‹.     19062 212.0      1512     3 269.0 120.0    0.     0 0     300.0  90.3    89.0     1.3
03.08          16   87973 ‘‹‚…‰ .‹.     19062 158.0       486     7 165.0   0.0    0.     0 0      97.0  73.1    68.0     5.1
04.08          14   88008 ‘‹‚…‰ .‹.     19062 238.0      1746    11  97.0 150.0    0.     0 0     137.0 108.1   110.0    -1.9
--------------------------------------------------------------------------------------------------------------------------------
 ƒ "¨­ααβΰ®©"                                                                        „ ”› 593952
                                           ‘‚…„…
                                   €‘•„… ’‹‚€  ‡€ €‚ƒ“‘’        2020  ƒ„
62014                                      „€’€ ‘—…’€ 14/09/20                                 ‹‘’   7

--------------------------------------------------------------------------------------------------------------------------------
:    :- :“’…‚‰ ‹‘’ :    ‚  „  ’ … ‹     :…ƒ: ƒ“‡-:‹-:‘’€-: ‹“—…  :‚‡‚€™… :‘’€-:   € ‘ •  „  ::
:„€’€:… :-------------------------------------:      :       :—…‘’-: ’ : ‹ (“) : ‹ (“) : ’ :---------------: +:
:    :‚…„.:… :… :                 : ’€.:    : ’: ‚  :  :-----------:-----------:  :     : ”€’  :……-:
:    :    :€— :„“- :  ”€‹ ..   :…:      :       :…‡„:‚›…‡-:   :   :   :   :‚‡- : … : /‹ :€‘- :
:    :    :      :…’€ :                 :     :      :  ’  :     : „…  : /‹ :‚…„: /‹ :‚…„:‚€’…:       :       :•„ -:
--------------------------------------------------------------------------------------------------------------------------------
05.08          14   88027 ‘‹‚…‰ .‹.     19062 234.0       963     6 137.0 100.0    0.     0 0     131.0 106.1   106.0     0.1
06.08          14   88054 ‘‹‚…‰ .‹.     19062 234.0       963     6 131.0 150.0    0.     0 0     176.0 106.1   105.0     1.1
07.08          24   88063 ‘‹‚…‰ .‹.     19062 238.0      1854     7 176.0 150.0    0.     0 0     220.0 106.2   106.0     0.2
10.08          14   88091 ‘‹‚…‰ .‹.     19062 238.0      1854     7 220.0 130.0    0.     0 0     244.0 106.2   106.0     0.2
11.08          14   88139 ‘‹‚…‰ .‹.     19062 308.0      2138     9 244.0 100.0    0.     0 0     207.0 138.1   137.0     1.1
13.08          24   88210 ‘‹‚…‰ .‹.     19062 278.0      2250     9 238.0 150.0    0.     0 0     264.0 124.9   124.0     0.9
14.08          12   88233 ‘‹‚…‰ .‹.     19062 252.0      2400     4 264.0   0.0    0.     0 0     152.0 113.0   112.0     1.0
17.08          13   88152 ‘‹‚…‰ .‹.     19062 159.0         0     7 152.0   0.0    0.     0 0      79.0  73.6    73.0     0.6
18.08          24   88167 ‘‹‚…‰ .‹.     19062 284.0      2291     9  79.0 130.0    0.     0 0      82.0 127.5   127.0     0.5
19.08          24   88286 ‘‹‚…‰ .‹.     19062 198.0      1443     5  82.0  90.0    0.     0 0      85.0  87.6    87.0     0.6
20.08          28   88307 ‘‹‚…‰ .‹.     19062 284.0      1584     8  85.0 100.0    0.     0 0      58.0 129.1   127.0     2.1
21.08          28   88327 ‘‹‚…‰ .‹.     19062 228.0      1188     6  58.0 108.0    0.     0 0      65.0 103.5   101.0     2.5
25.08          32   88380 ‘‹‚…‰ .‹.     19062 294.0      2235     9  65.0 135.0    0.     0 0      69.0 131.8   131.0     0.8
26.08          32   88406 ‘‹‚…‰ .‹.     19062 272.0      2037     8  69.0 145.0    0.     0 0      93.0 121.6   121.0     0.6
27.08          28   88429 ‘‹‚…‰ .‹.     19062 158.0       556    13  93.0 137.0    0.     0 0     154.0  76.1    76.0     0.1
29.08          28   88448 ‘‹‚…‰ .‹.     19062 266.0      1954     3 176.0  73.0    0.     0 0     127.0 112.0   122.0   -10.0
31.08     1    32   88483 ‘‹‚…‰ .‹.     19062 272.0      1730    12 127.0 150.0 2118.     0 0     155.0 121.4   122.0    -0.6
‘ 28 31 ƒ€€†.…  12238 „ € 330600    4805.0    31184   149 269.0 2118. 2118. 0     0     155.0 2156.3 2150.0     6.3
ƒ‘“„€‘’‚…›‰ O… €I1336-7
31.07          10   87956 €’›‚ ‚..    19061 218.0      1566     6 228.0 150.0    0.     0 0     288.0  96.8    90.0     6.8
01.08          16   87972 €’›‚ ‚..    19061 278.0      2286    10 288.0   0.0    0.     0 0     177.0 125.4   111.0    14.4
03.08          24   87974 €’›‚ ‚..    19061 204.0      1566    16 177.0 150.0    0.     0 0     229.0  95.8    98.0    -2.2
14.08          12   88234 €’›‚ ‚..    19061 252.0      2400     4 229.0 150.0    0.     0 0     265.0 113.0   114.0    -1.0
15.08          24   88244 €’›‚ ‚..    19061 228.0      1188     6 265.0   0.0    0.     0 0     171.0 103.5    94.0     9.5
25.08          32   88381 €’›‚ ‚..    19061 322.0      2433    10 171.0 130.0    0.     0 0     157.0 144.6   144.0     0.6
26.08          32   88407 €’›‚ ‚..    19061 276.0      2235     9 157.0 100.0    0.     0 0     138.0 124.1   119.0     5.1
27.08          32   88430 €’›‚ ‚..    19061 150.0       556    13 138.0 135.0    0.     0 0     201.0  72.6    72.0     0.6
28.08          30   88463 €’›‚ ‚..    19061 174.0         0     8 201.0 113.0    0.     0 0     207.0  80.7   107.0   -26.3
29.08          28   88449 €’›‚ ‚..    19061 266.0      2042     3 207.0  70.0    0.     0 0     168.0 112.0   109.0     3.0
31.08     1    29   88481 €’›‚ ‚..    19061 205.0      2028     2 168.0 150.0 1148.     0 0     234.0  86.7    84.0     2.7
‘ 31 31 ƒ€€†.…  12246 „ € 330600    2573.0    18300    87 228.0 1148. 1148. 0     0     234.0 1155.2 1142.0    13.2
ƒ‘“„€‘’‚…›‰ O… €I1335-7
28.07           9   87884 —……‚ B..    32298 212.0      1512     3 134.0 100.0    0.     0 0     145.0  91.4    89.0     2.4
29.07           9   87912 —……‚ B..    32298 192.0      1332     2 145.0 100.0    0.     0 0     165.0  82.0    80.0     2.0
30.07           9   87933 —……‚ B..    32298 356.0      2232     7 165.0 140.0    0.     0 0     155.0 156.8   150.0     6.8
31.07           9   87949 —……‚ B..    32298 238.0      1746     7 155.0 100.0    0.     0 0     154.0 107.3   101.0     6.3
03.08          16   87975 —……‚ B..    32298 208.0      1512    13 154.0  80.0    0.     0 0     144.0  95.2    90.0     5.2
04.08          16   88010 —……‚ B..    32298 238.0      1746    11 144.0 100.0    0.     0 0     140.0 108.3   104.0     4.3
12.08          25   88186 —……‚ B..    32298 332.0      2373    10 140.0 150.0    0.     0 0     149.0 151.0   141.0    10.0
13.08          25   88211 —……‚ B..    32298 346.0      2411    10 149.0 140.0    0.     0 0     141.0 157.2   148.0     9.2
14.08          23   88235 —……‚ B..    32298 165.0         0     6 141.0   0.0    0.     0 0      65.0  76.7    76.0     0.7
17.08          25   88257 —……‚ B..    32298 262.0      2093     8  65.0 100.0    0.     0 0      53.0 118.7   112.0     6.7
18.08          25   88168 —……‚ B..    32298 152.0       396     2  53.0 130.0    0.     0 0     120.0  69.8    63.0     6.8
24.08          32   88028 —……‚ B..    32298 250.0      1839     7 120.0 100.0    0.     0 0     114.0 112.8   106.0     6.8
25.08          32   88376 —……‚ B..    32298 305.0      3042     3 114.0 100.0    0.     0 0      86.0 130.7   128.0     2.7
31.08     1               —……‚ B..    32298 0.0           0         0.0   0.0 1340.     0 0       0.0   0.0     0.0     0.0
‘ 28 31 ƒ€€†.…  12254 „ € 330601    3256.0    22234    89 134.0 1340. 1340. 0     0      86.0 1457.9 1388.0    69.9
ƒ‘“„€‘’‚…›‰ O… €I4259-7
01.08           4   87985 —……‚ ..    32300 5.0           0     1 299.0   0.0    0.     0 0     296.0   2.2     3.0    -0.8
03.08          24   87986 —……‚ ..    32300 200.0      1332    13 296.0 130.0    0.     0 0     338.0  91.3    88.0     3.3
04.08          24   88011 —……‚ ..    32300 226.0      1638    10 338.0   0.0    0.     0 0     240.0 102.6    98.0     4.6
10.08          24   88093 —……‚ ..    32300 238.0      1854     7 257.0 130.0    0.     0 0     288.0 107.5    99.0     8.5
11.08          24   88140 —……‚ ..    32300 278.0      2138     9 288.0 100.0    0.     0 0     268.0 126.5   120.0     6.5
12.08          28   88187 —……‚ ..    32300 180.0       792     4 268.0 100.0    0.     0 0     290.0  83.1    78.0     5.1
--------------------------------------------------------------------------------------------------------------------------------
 ƒ "¨­ααβΰ®©"                                                                        „ ”› 593952
                                           ‘‚…„…
                                   €‘•„… ’‹‚€  ‡€ €‚ƒ“‘’        2020  ƒ„
62014                                      „€’€ ‘—…’€ 14/09/20                                 ‹‘’   8

--------------------------------------------------------------------------------------------------------------------------------
:    :- :“’…‚‰ ‹‘’ :    ‚  „  ’ … ‹     :…ƒ: ƒ“‡-:‹-:‘’€-: ‹“—…  :‚‡‚€™… :‘’€-:   € ‘ •  „  ::
:„€’€:… :-------------------------------------:      :       :—…‘’-: ’ : ‹ (“) : ‹ (“) : ’ :---------------: +:
:    :‚…„.:… :… :                 : ’€.:    : ’: ‚  :  :-----------:-----------:  :     : ”€’  :……-:
:    :    :€— :„“- :  ”€‹ ..   :…:      :       :…‡„:‚›…‡-:   :   :   :   :‚‡- : … : /‹ :€‘- :
:    :    :      :…’€ :                 :     :      :  ’  :     : „…  : /‹ :‚…„: /‹ :‚…„:‚€’…:       :       :•„ -:
--------------------------------------------------------------------------------------------------------------------------------
17.08          22   88261 —……‚ ..    32300 190.0      1997     2 290.0   0.0    0.     0 0     202.0  81.4    88.0    -6.6
18.08          28   88169 —……‚ ..    32300 272.0      2093     8 202.0 130.0    0.     0 0     215.0 123.1   117.0     6.1
19.08          28   88055 —……‚ ..    32300 184.0      1301     4 215.0  90.0    0.     0 0     226.0  81.8    79.0     2.8
20.08          28   88308 —……‚ ..    32300 262.0      1386     7 226.0   0.0    0.     0 0     110.0 121.2   116.0     5.2
26.08          32   88328 —……‚ ..    32300 250.0      1839     7 110.0 100.0    0.     0 0     102.0 112.8   108.0     4.8
27.08          32   88431 —……‚ ..    32300 150.0       514    12 102.0 120.0    0.     0 0     155.0  71.4    67.0     4.4
31.08     1               —……‚ ..    32300 0.0           0         0.0   0.0  900.     0 0       0.0   0.0     0.0     0.0
‘  1 31 ƒ€€†.…  12262 „ € 330601    2435.0    16884    84 299.0 900.0  900. 0     0     155.0 1104.9 1061.0    43.9
ƒ‘“„€‘’‚…›‰ O… €I4258-7
04.08          28   88012 ‘–€ .€.       1904 228.0      1080    10 228.0 150.0    0.     0 0     283.0 106.5    95.0    11.5
06.08          30   88062 ‘–€ .€.       1904 22.0          0     1 283.0   0.0    0.     0 0     274.0   8.8     9.0    -0.2
14.08          30   88236 ‘–€ .€.       1904 185.0         0     8 274.0   0.0    0.     0 0     192.0  86.4    82.0     4.4
15.08          28   88245 ‘–€ .€.       1904 262.0      1386     7 192.0 100.0    0.     0 0     187.0 121.2   105.0    16.2
17.08          29   88263 ‘–€ .€.       1904 184.0      1997     2 187.0 120.0    0.     0 0     233.0  78.9    74.0     4.9
18.08          28   88170 ‘–€ .€.       1904 278.0      2093     8 233.0 150.0    0.     0 0     267.0 125.8   116.0     9.8
19.08          28   88287 ‘–€ .€.       1904 212.0      1499     5 267.0   0.0    0.     0 0     177.0  94.8    90.0     4.8
20.08          28   88309 ‘–€ .€.       1904 278.0      2093     8 177.0 150.0    0.     0 0     204.0 125.8   123.0     2.8
21.08          28   88329 ‘–€ .€.       1904 256.0      1839     7 204.0 150.0    0.     0 0     242.0 115.4   112.0     3.4
25.08          32   88362 ‘–€ .€.       1904 300.0      2243     9 242.0   0.0    0.     0 0     113.0 136.1   129.0     7.1
27.08          30   88418 ‘–€ .€.       1904 162.0         0     8 113.0 100.0    0.     0 0     140.0  75.9    73.0     2.9
28.08          30   88442 ‘–€ .€.       1904 174.0         0     6 140.0 110.0    0.     0 0     172.0  80.8    78.0     2.8
29.08          32   88409 ‘–€ .€.       1904 266.0      1954     3 172.0  70.0    0.     0 0     128.0 113.2   114.0    -0.8
31.08     1    30   88482 ‘–€ .€.       1904 222.0         0     3 128.0 100.0 1200.     0 0     133.0 102.0    95.0     7.0
‘  4 31 ƒ€€†.…  12271 „ € 330601    3029.0    16184    85 228.0 1200. 1200. 0     0     133.0 1371.6 1295.0    76.6
ƒ‘“„€‘’‚…›‰ O… AP0194-7
28.07           9   87885 —“€‚ B.B.     36188 212.0      1512     3 167.0 150.0    0.     0 0     230.0  90.3    87.0     3.3
29.07           9   87913 —“€‚ B.B.     36188 212.0      1512     3 230.0 150.0    0.     0 0     292.0  90.3    88.0     2.3
30.07           9   87934 —“€‚ B.B.     36188 356.0      2232     7 292.0 120.0    0.     0 0     265.0 154.9   147.0     7.9
31.07           9   87950 —“€‚ B.B.     36188 238.0      1746     7 265.0  80.0    0.     0 0     245.0 106.1   100.0     6.1
03.08          14   87976 —“€‚ B.B.     36188 230.0      1926    11 245.0 100.0    0.     0 0     245.0 104.9   100.0     4.9
04.08          14   88013 —“€‚ B.B.     36188 238.0      1746    11 245.0 100.0    0.     0 0     242.0 108.1   103.0     5.1
05.08          14   88029 —“€‚ B.B.     36188 234.0       963     6 242.0 100.0    0.     0 0     237.0 106.1   105.0     1.1
06.08          14   88056 —“€‚ B.B.     36188 234.0       963     6 237.0   0.0    0.     0 0     132.0 106.1   105.0     1.1
07.08          14   88065 —“€‚ B.B.     36188 238.0      2052     8 132.0 150.0    0.     0 0     182.0 107.0   100.0     7.0
10.08          14   88094 —“€‚ B.B.     36188 238.0      1314     7 182.0 150.0    0.     0 0     230.0 105.4   102.0     3.4
11.08          14   88141 —“€‚ B.B.     36188 308.0      2411    10 230.0 120.0    0.     0 0     215.0 138.6   135.0     3.6
12.08          25   88188 —“€‚ B.B.     36188 318.0      2373    10 215.0 150.0    0.     0 0     240.0 143.0   125.0    18.0
13.08          25   88212 —“€‚ B.B.     36188 302.0      2411    10 240.0 130.0    0.     0 0     230.0 136.0   140.0    -4.0
14.08          25   88228 —“€‚ B.B.     36188 294.0      2291     9 230.0 100.0    0.     0 0     205.0 131.8   125.0     6.8
17.08          25   88256 —“€‚ B.B.     36188 258.0      2093     8 205.0 120.0    0.     0 0     210.0 115.6   115.0     0.6
18.08          25   88268 —“€‚ B.B.     36188 300.0      2291     9 210.0 120.0    0.     0 0     200.0 134.4   130.0     4.4
19.08          25   88288 —“€‚ B.B.     36188 276.0      2241     7 200.0 140.0    0.     0 0     225.0 122.9   115.0     7.9
20.08          28   88310 —“€‚ B.B.     36188 130.0       396     2 225.0   0.0    0.     0 0     170.0  58.3    55.0     3.3
25.08          22   88377 —“€‚ B.B.     36188 105.0      1014     1 170.0 135.0    0.     0 0     240.0  44.4    65.0   -20.6
26.08          32   88330 —“€‚ B.B.     36188 294.0      2235     9 240.0 145.0    0.     0 0     235.0 131.8   150.0   -18.2
31.08     1               —“€‚ B.B.     36188 0.0           0         0.0   0.0 2260.     0 0       0.0   0.0     0.0     0.0
‘ 28 31 ƒ€€†.…  12289 „ € 330600    5015.0    35722   144 167.0 2260. 2260. 0     0     235.0 2236.0 2192.0    44.0
ƒ‘“„€‘’‚…›‰ O… €3459-7
28.07           9   87886 €“‚ ..       9385 212.0      1512     3 210.0  80.0    0.     0 0     206.0  90.3    84.0     6.3
29.07           9   87914 €“‚ ..       9385 192.0      1332     2 206.0  80.0    0.     0 0     210.0  81.0    76.0     5.0
30.07           9   87935 €“‚ ..       9385 356.0      2232     7 210.0 100.0    0.     0 0     165.0 154.9   145.0     9.9
31.07           9   87951 €“‚ ..       9385 238.0      1746     7 165.0 100.0    0.     0 0     165.0 106.1   100.0     6.1
03.08          16   87977 €“‚ ..       9385 258.0      1926    11 165.0  70.0    0.     0 0     125.0 116.9   110.0     6.9
04.08          16   88014 €“‚ ..       9385 266.0      1998    15 125.0 140.0    0.     0 0     145.0 122.5   120.0     2.5
--------------------------------------------------------------------------------------------------------------------------------
 ƒ "¨­ααβΰ®©"                                                                        „ ”› 593952
                                           ‘‚…„…
                                   €‘•„… ’‹‚€  ‡€ €‚ƒ“‘’        2020  ƒ„
62014                                      „€’€ ‘—…’€ 14/09/20                                 ‹‘’   9

--------------------------------------------------------------------------------------------------------------------------------
:    :- :“’…‚‰ ‹‘’ :    ‚  „  ’ … ‹     :…ƒ: ƒ“‡-:‹-:‘’€-: ‹“—…  :‚‡‚€™… :‘’€-:   € ‘ •  „  ::
:„€’€:… :-------------------------------------:      :       :—…‘’-: ’ : ‹ (“) : ‹ (“) : ’ :---------------: +:
:    :‚…„.:… :… :                 : ’€.:    : ’: ‚  :  :-----------:-----------:  :     : ”€’  :……-:
:    :    :€— :„“- :  ”€‹ ..   :…:      :       :…‡„:‚›…‡-:   :   :   :   :‚‡- : … : /‹ :€‘- :
:    :    :      :…’€ :                 :     :      :  ’  :     : „…  : /‹ :‚…„: /‹ :‚…„:‚€’…:       :       :•„ -:
--------------------------------------------------------------------------------------------------------------------------------
31.08     1               €“‚ ..       9385 0.0           0         0.0   0.0  570.     0 0       0.0   0.0     0.0     0.0
‘ 28 31 ƒ€€†.…  12301 „ € 330600    1522.0    10746    45 210.0 570.0  570. 0     0     145.0 671.7   635.0    36.7
ƒ‘“„€‘’‚…›‰ O… €0243-7
23.07          20   87807 €‡€— ‚ €     5970 222.0         0     4 153.0 120.0    0.     0 0     161.0 112.2   112.0     0.2
24.07          20   87808 €‡€— ‚ €     5970 218.0         0     7 161.0 150.0    0.     0 0     198.0 113.2   113.0     0.2
26.07          20   87815 €‡€— ‚ €     5970 265.0         0     9 198.0 100.0    0.     0 0     160.0 138.1   138.0     0.1
27.07          20   87809 €‡€— ‚ €     5970 189.0         0     3 160.0 150.0    0.     0 0     215.0  95.1    95.0     0.1
28.07          20   87810 €‡€— ‚ €     5970 92.0          0     6 215.0  50.0    0.     0 0     215.0  50.8    50.0     0.8
29.07          20   87811 €‡€— ‚ €     5970 52.0          0     2 215.0 100.0    0.     0 0     288.0  27.3    27.0     0.3
30.07          20   87812 €‡€— ‚ €     5970 112.0         0     6 288.0   0.0    0.     0 0     228.0  60.6    60.0     0.6
31.07          20   87814 €‡€— ‚ €     5970 148.0         0     7 228.0  50.0    0.     0 0     199.0  79.1    79.0     0.1
01.08          20   87906 €‡€— ‚ €     5970 181.0         0     5 199.0  80.0    0.     0 0     185.0  93.2    94.0    -0.8
02.08          27   87907 €‡€— ‚ €     5970 321.0         0     8 185.0 140.0    0.     0 0     161.0 164.4   164.0     0.4
03.08          27   87901 €‡€— ‚ €     5970 117.0         0     7 161.0 100.0    0.     0 0     198.0  64.0    63.0     1.0
04.08          27   87902 €‡€— ‚ €     5970 225.0         0     8 198.0  90.0    0.     0 0     171.0 117.6   117.0     0.6
05.08          27   87903 €‡€— ‚ €     5970 251.0         0    12 171.0 130.0    0.     0 0     167.0 134.3   134.0     0.3
06.08          27   87904 €‡€— ‚ €     5970 205.0         0    10 167.0 100.0    0.     0 0     157.0 109.9   110.0    -0.1
07.08          27   87905 €‡€— ‚ €     5970 252.0         0     9 157.0 130.0    0.     0 0     156.0 131.8   131.0     0.8
08.08          27   87908 €‡€— ‚ €     5970 126.0         0     5 156.0  90.0    0.     0 0     180.0  66.4    66.0     0.4
10.08          27   87910 €‡€— ‚ €     5970 220.0         0     6 180.0  90.0    0.     0 0     157.0 113.2   113.0     0.2
11.08          27   87909 €‡€— ‚ €     5970 272.0         0     9 157.0 160.0    0.     0 0     176.0 141.5   141.0     0.5
12.08          27   87911 €‡€— ‚ €     5970 280.0         0     9 176.0 130.0    0.     0 0     161.0 145.4   145.0     0.4
13.08          27   87816 €‡€— ‚ €     5970 148.0         0     5 161.0  80.0    0.     0 0     164.0  77.1    77.0     0.1
14.08          27   88108 €‡€— ‚ €     5970 110.0         0     8 164.0  80.0    0.     0 0     183.0  61.6    61.0     0.6
15.08          27   88109 €‡€— ‚ €     5970 212.0         0     3 183.0  80.0    0.     0 0     157.0 106.3   106.0     0.3
16.08          27   88110 €‡€— ‚ €     5970 162.0         0     4 157.0  80.0    0.     0 0     154.0  82.9    83.0    -0.1
17.08          27   88111 €‡€— ‚ €     5970 90.0          0     3 154.0  50.0    0.     0 0     157.0  46.9    47.0    -0.1
18.08          27   88112 €‡€— ‚ €     5970 121.0         0     7 157.0  80.0    0.     0 0     171.0  66.0    66.0     0.0
19.08          27   88113 €‡€— ‚ €     5970 185.0         0    18 171.0 130.0    0.     0 0     192.0 108.2   109.0    -0.8
20.08          27   88114 €‡€— ‚ €     5970 225.0         0    10 192.0 100.0    0.     0 0     173.0 119.6   119.0     0.6
21.08          27   88115 €‡€— ‚ €     5970 292.0         0     3 173.0 130.0    0.     0 0     158.0 145.3   145.0     0.3
22.08          27   88116 €‡€— ‚ €     5970 41.0          0     1 158.0 100.0    0.     0 0     236.0  21.0    22.0    -1.0
23.08          27   88117 €‡€— ‚ €     5970 152.0         0     5 236.0   0.0    0.     0 0     157.0  79.1    79.0     0.1
24.08          27   88118 €‡€— ‚ €     5970 180.0         0    13 157.0 100.0    0.     0 0     156.0 100.7   101.0    -0.3
25.08          27   88119 €‡€— ‚ €     5970 115.0         0     2 156.0  70.0    0.     0 0     168.0  58.0    58.0     0.0
26.08          27   88120 €‡€— ‚ €     5970 102.0         0     4 168.0  80.0    0.     0 0     195.0  53.7    53.0     0.7
27.08          27   88121 €‡€— ‚ €     5970 71.0          0     2 195.0   0.0    0.     0 0     162.0  36.6    33.0     3.6
28.08          27   88122 €‡€— ‚ €     5970 197.0         0     8 162.0 100.0    0.     0 0     157.0 104.0   105.0    -1.0
29.08          27   88123 €‡€— ‚ €     5970 190.0         0     8 157.0 100.0    0.     0 0     157.0 100.6   100.0     0.6
30.08          27   88124 €‡€— ‚ €     5970 148.0         0     2 157.0  70.0    0.     0 0     153.0  74.1    74.0     0.1
‘ 23 30 ƒ€€†.…  12319 „ € 330605    6489.0        0   238 153.0 3390.    0. 0     0     153.0 3399.8 3390.0     9.8
ƒ‘“„€‘’‚…›‰ O… €C1817-7
31.07          10   87957 ‚€         13470 238.0      2896     7  98.0 150.0    0.     0 0     128.0 119.1   120.0    -0.9
03.08          16   87983 ‚€         13470 242.0      2474    10 128.0 150.0    0.     0 0     155.0 124.2   123.0     1.2
04.08           8   88003 ‚€         13470 309.0      4675     3 155.0 200.0    0.     0 0     217.0 138.2   138.0     0.2
05.08          16   88036 ‚€         13470 234.0      2490     7 217.0  95.0    0.     0 0     192.0 120.1   120.0     0.1
06.08          16   88060 ‚€         13470 294.0      1798     8 192.0 150.0    0.     0 0     191.0 151.3   151.0     0.3
07.08          16   88066 ‚€         13470 238.0      3331     7 191.0 140.0    0.     0 0     214.0 119.3   117.0     2.3
10.08          16   88104 ‚€         13470 238.0      3199     7 214.0 100.0    0.     0 0     196.0 119.3   118.0     1.3
11.08          16   88171 ‚€         13470 308.0      4106    10 196.0 100.0    0.     0 0     140.0 156.5   156.0     0.5
12.08          16   88191 ‚€         13470 298.0      2501     7 140.0 100.0    0.     0 0      92.0 148.4   148.0     0.4
13.08          16   88213 ‚€         13470 382.0      3779     8  92.0 200.0    0.     0 0     105.0 186.5   187.0    -0.5
14.08          25   88229 ‚€         13470 294.0      3816     9 105.0 150.0    0.     0 0     108.0 148.5   147.0     1.5
17.08          25   88260 ‚€         13470 258.0      3541     8 108.0 150.0    0.     0 0     127.0 130.1   131.0    -0.9
--------------------------------------------------------------------------------------------------------------------------------
 ƒ "¨­ααβΰ®©"                                                                        „ ”› 593952
                                           ‘‚…„…
                                   €‘•„… ’‹‚€  ‡€ €‚ƒ“‘’        2020  ƒ„
62014                                      „€’€ ‘—…’€ 14/09/20                                 ‹‘’  10

--------------------------------------------------------------------------------------------------------------------------------
:    :- :“’…‚‰ ‹‘’ :    ‚  „  ’ … ‹     :…ƒ: ƒ“‡-:‹-:‘’€-: ‹“—…  :‚‡‚€™… :‘’€-:   € ‘ •  „  ::
:„€’€:… :-------------------------------------:      :       :—…‘’-: ’ : ‹ (“) : ‹ (“) : ’ :---------------: +:
:    :‚…„.:… :… :                 : ’€.:    : ’: ‚  :  :-----------:-----------:  :     : ”€’  :……-:
:    :    :€— :„“- :  ”€‹ ..   :…:      :       :…‡„:‚›…‡-:   :   :   :   :‚‡- : … : /‹ :€‘- :
:    :    :      :…’€ :                 :     :      :  ’  :     : „…  : /‹ :‚…„: /‹ :‚…„:‚€’…:       :       :•„ -:
--------------------------------------------------------------------------------------------------------------------------------
18.08          25   88270 ‚€         13470 300.0      3882     9 127.0 180.0    0.     0 0     157.0 151.3   150.0     1.3
19.08          24   88290 ‚€         13470 224.0      2802     3 157.0 120.0    0.     0 0     175.0 104.6   102.0     2.6
20.08          32   88312 ‚€         13470 300.0      2728     8 175.0 200.0    0.     0 0     224.0 154.2   151.0     3.2
21.08          25   88332 ‚€         13470 316.0      4049     9 224.0 100.0    0.     0 0     174.0 159.1   150.0     9.1
24.08          32   88364 ‚€         13470 234.0      3200     7 174.0 150.0    0.     0 0     206.0 117.5   118.0    -0.5
25.08          22   88378 ‚€         13470 305.0      4914     3 206.0 180.0    0.     0 0     247.0 139.7   139.0     0.7
26.08          32   88411 ‚€         13470 316.0      3816     9 247.0 150.0    0.     0 0     238.0 158.9   159.0    -0.1
27.08          25   88434 ‚€         13470 272.0      3263     3 238.0 100.0    0.     0 0     214.0 123.8   124.0    -0.2
28.08          25   88461 ‚€         13470 272.0      3263     3 214.0 100.0    0.     0 0     190.0 123.8   124.0    -0.2
31.08     1    28   88487 ‚€         13470 346.0      4351     4 190.0 100.0 3065.     0 0     132.0 157.3   158.0    -0.7
‘ 31 31 ƒ€€†.…  12327 „ € 330605    6218.0    74874   149  98.0 3065. 3065. 0     0     132.0 3051.7 3031.0    20.7
ƒ‘“„€‘’‚…›‰ O… €C1818-7
30.07          10   87937 €‘‚‘‰ ‹.E.   9921 356.0      2232     7 325.0 120.0    0.     0 0     290.0 154.4   155.0    -0.6
31.07          10   87953 €‘‚‘‰ ‹.E.   9921 238.0      1746     7 290.0   0.0    0.     0 0     180.0 107.7   110.0    -2.3
03.08          14   87979 €‘‚‘‰ ‹.E.   9921 230.0      1710     9 180.0 180.0    0.     0 0     255.0 106.3   105.0     1.3
04.08          14   88016 €‘‚‘‰ ‹.E.   9921 244.0      1800    14 255.0 130.0    0.     0 0     268.0 117.4   117.0     0.4
05.08           9   88032 €‘‚‘‰ ‹.E.   9921 234.0       963     6 268.0   0.0    0.     0 0     160.0 108.4   108.0     0.4
06.08          10   88058 €‘‚‘‰ ‹.E.   9921 234.0      1156     6 160.0 160.0    0.     0 0     212.0 108.4   108.0     0.4
07.08          14   88067 €‘‚‘‰ ‹.E.   9921 258.0      1854     7 212.0 120.0    0.     0 0     215.0 116.4   117.0    -0.6
10.08          14   88101 €‘‚‘‰ ‹.E.   9921 238.0      1854     7 215.0 100.0    0.     0 0     208.0 107.9   107.0     0.9
11.08          14   88142 €‘‚‘‰ ‹.E.   9921 308.0      2411    10 208.0 120.0    0.     0 0     187.0 141.6   141.0     0.6
12.08          14   88189 €‘‚‘‰ ‹.E.   9921 298.0      2014     7 187.0 100.0    0.     0 0     154.0 134.1   133.0     1.1
13.08          14   88215 €‘‚‘‰ ‹.E.   9921 382.0      2969     8 154.0 200.0    0.     0 0     186.0 168.3   168.0     0.3
14.08          24   88230 €‘‚‘‰ ‹.E.   9921 294.0      2509     9 186.0 200.0    0.     0 0     252.0 134.3   134.0     0.3
17.08          24   88259 €‘‚‘‰ ‹.E.   9921 258.0      2311     8 252.0  90.0    0.     0 0     225.0 117.7   117.0     0.7
18.08          24   88272 €‘‚‘‰ ‹.E.   9921 300.0      2509     9 225.0 120.0    0.     0 0     209.0 136.9   136.0     0.9
19.08          12   88285 €‘‚‘‰ ‹.E.   9921 350.0      3529     3 209.0 120.0    0.     0 0     187.0 141.8   142.0    -0.2
20.08          25   88314 €‘‚‘‰ ‹.E.   9921 300.0      2509     9 187.0 200.0    0.     0 0     251.0 136.9   136.0     0.9
21.08          25   88333 €‘‚‘‰ ‹.E.   9921 256.0      2006     7 251.0 120.0    0.     0 0     256.0 115.5   115.0     0.5
24.08          32   88365 €‘‚‘‰ ‹.E.   9921 234.0      2006     7 256.0 200.0    0.     0 0     348.0 106.2   108.0    -1.8
25.08          22   88375 €‘‚‘‰ ‹.E.   9921 350.0      3529     3 348.0  80.0    0.     0 0     286.0 141.8   142.0    -0.2
26.08          32   88412 €‘‚‘‰ ‹.E.   9921 316.0      2402     9 286.0  90.0    0.     0 0     232.0 143.7   144.0    -0.3
28.08          25   88462 €‘‚‘‰ ‹.E.   9921 198.0      1635     2 220.0  80.0    0.     0 0     214.0  81.3    86.0    -4.7
31.08     1    32   88488 €‘‚‘‰ ‹.E.   9921 272.0      2149    12 214.0 120.0 2650.     0 0     210.0 124.2   124.0     0.2
‘ 30 31 ƒ€€†.…  12335 „ € 330606    6148.0    47803   166 325.0 2650. 2650. 0     0     210.0 2751.2 2753.0    -1.8
ƒ‘“„€‘’‚…›‰ O… €C3419-7
28.07          10   87889 “‘‰ ‹..      9050 212.0      1512     3 180.0 150.0    0.     0 0     245.0  88.8    85.0     3.8
30.07          10   87938 “‘‰ ‹..      9050 356.0      2232     7 197.0 150.0    0.     0 0     196.0 154.4   151.0     3.4
31.07          10   87954 “‘‰ ‹..      9050 238.0      1746     7 196.0 120.0    0.     0 0     215.0 107.7   101.0     6.7
01.08          16   87971 “‘‰ ‹..      9050 278.0      2106     9 215.0 100.0    0.     0 0     195.0 127.3   120.0     7.3
03.08          16   87980 “‘‰ ‹..      9050 192.0      1422    15 195.0 100.0    0.     0 0     213.0  95.7    82.0    13.7
04.08          16   88017 “‘‰ ‹..      9050 238.0      1746    11 213.0 100.0    0.     0 0     208.0 111.7   105.0     6.7
05.08          16   88033 “‘‰ ‹..      9050 234.0       963     6 208.0   0.0    0.     0 0     100.0 108.4   108.0     0.4
06.08          16   88059 “‘‰ ‹..      9050 234.0      1156     6 100.0 170.0    0.     0 0     162.0 108.4   108.0     0.4
07.08          16   88069 “‘‰ ‹..      9050 258.0      2052     8 162.0 130.0    0.     0 0     175.0 117.7   117.0     0.7
10.08          16   88102 “‘‰ ‹..      9050 258.0      2052     8 175.0   0.0    0.     0 0      58.0 117.7   117.0     0.7
11.08          16   88143 “‘‰ ‹..      9050 308.0      2138     9  58.0 150.0    0.     0 0      67.0 140.6   141.0    -0.4
12.08          16   88185 “‘‰ ‹..      9050 298.0      1629     7  67.0 180.0    0.     0 0     113.0 134.1   134.0     0.1
13.08          16   88214 “‘‰ ‹..      9050 355.0      2969     8 113.0 180.0    0.     0 0     139.0 157.1   154.0     3.1
14.08          17   88232 “‘‰ ‹..      9050 350.0      4343     3 139.0 170.0    0.     0 0     167.0 141.8   142.0    -0.2
19.08          25   88271 €“”… B.B.   5673 206.0      1610     5 167.0 120.0    0.     0 0     196.0  91.7    91.0     0.7
20.08          28   88313 €“”… B.B.   5673 300.0      2509     9 196.0 200.0    0.     0 0     260.0 136.9   136.0     0.9
21.08          28   88334 €“”… B.B.   5673 162.0      1321     3 260.0   0.0    0.     0 0     189.0  70.3    71.0    -0.7
31.08     1               €“”… B.B.   5673 0.0           0         0.0   0.0 2020.     0 0       0.0   0.0     0.0     0.0
--------------------------------------------------------------------------------------------------------------------------------
 ƒ "¨­ααβΰ®©"                                                                        „ ”› 593952
                                           ‘‚…„…
                                   €‘•„… ’‹‚€  ‡€ €‚ƒ“‘’        2020  ƒ„
62014                                      „€’€ ‘—…’€ 14/09/20                                 ‹‘’  11

--------------------------------------------------------------------------------------------------------------------------------
:    :- :“’…‚‰ ‹‘’ :    ‚  „  ’ … ‹     :…ƒ: ƒ“‡-:‹-:‘’€-: ‹“—…  :‚‡‚€™… :‘’€-:   € ‘ •  „  ::
:„€’€:… :-------------------------------------:      :       :—…‘’-: ’ : ‹ (“) : ‹ (“) : ’ :---------------: +:
:    :‚…„.:… :… :                 : ’€.:    : ’: ‚  :  :-----------:-----------:  :     : ”€’  :……-:
:    :    :€— :„“- :  ”€‹ ..   :…:      :       :…‡„:‚›…‡-:   :   :   :   :‚‡- : … : /‹ :€‘- :
:    :    :      :…’€ :                 :     :      :  ’  :     : „…  : /‹ :‚…„: /‹ :‚…„:‚€’…:       :       :•„ -:
--------------------------------------------------------------------------------------------------------------------------------
‘ 28 31 ƒ€€†.…  12343 „ € 330606    4477.0    33506   124 180.0 2020. 2020. 0     0     189.0 2010.3 1963.0    47.3
ƒ‘“„€‘’‚…›‰ O… €C3420-7
‚ ’ —‘‹…  ‚„’…‹
                          “‘‰ ‹..      9050 3809.0    28065             1700.           0             1711.4 1665.0    46.4
                          €“”… B.B.   5673 668.0      5440             320.0           0             298.9  298.0      0.9
30.07          10   87936 ‘‹€ .C.       3565 364.0      2287     7 316.0 150.0    0.     0 0     308.0 166.6   158.0     8.6
31.07          10   87952 ‘‹€ .C.       3565 238.0      1746     7 308.0 110.0    0.     0 0     310.0 112.3   108.0     4.3
03.08          14   87978 ‘‹€ .C.       3565 230.0      1818    10 310.0 150.0    0.     0 0     352.0 110.3   108.0     2.3
04.08          14   88015 ‘‹€ .C.       3565 238.0      1746    11 352.0 100.0    0.     0 0     338.0 114.3   114.0     0.3
05.08          14   88031 ‘‹€ .C.       3565 234.0      1348     6 338.0  90.0    0.     0 0     320.0 113.7   108.0     5.7
06.08          14   88057 ‘‹€ .C.       3565 234.0      1348     6 320.0 120.0    0.     0 0     327.0 113.7   113.0     0.7
07.08          14   88068 ‘‹€ .C.       3565 238.0      1854     7 327.0   0.0    0.     0 0     216.0 112.6   111.0     1.6
10.08          14   88103 ‘‹€ .C.       3565 238.0      1854     7 216.0 150.0    0.     0 0     255.0 112.6   111.0     1.6
11.08          14   88144 ‘‹€ .C.       3565 308.0      2330     9 255.0 120.0    0.     0 0     230.0 146.7   145.0     1.7
12.08          14   88190 ‘‹€ .C.       3565 328.0      2313     8 230.0 150.0    0.     0 0     225.0 155.5   155.0     0.5
13.08          14   88216 ‘‹€ .C.       3565 328.0      2280     8 225.0 120.0    0.     0 0     190.0 155.5   155.0     0.5
14.08          24   88231 ‘‹€ .C.       3565 294.0      2291     9 190.0 150.0    0.     0 0     205.0 139.9   135.0     4.9
17.08          24   88258 ‘‹€ .C.       3565 258.0      2093     8 205.0 124.0    0.     0 0     207.0 122.5   122.0     0.5
18.08          24   88269 ‘‹€ .C.       3565 300.0      2291     9 207.0 148.0    0.     0 0     213.0 142.6   142.0     0.6
19.08          24   88289 ‘‹€ .C.       3565 198.0      1532     5 213.0  90.0    0.     0 0     210.0  92.5    93.0    -0.5
20.08          28   88311 ‘‹€ .C.       3565 300.0      2324     9 210.0 104.0    0.     0 0     170.0 142.6   144.0    -1.4
21.08          28   88331 ‘‹€ .C.       3565 256.0      1928     7 170.0 100.0    0.     0 0     133.0 120.8   137.0   -16.2
24.08          32   88363 ‘‹€ .C.       3565 225.0      1730     6 133.0 275.0    0.     0 0     286.0 105.7   122.0   -16.3
25.08          32   88382 ‘‹€ .C.       3565 278.0      2126     8 286.0 120.0    0.     0 0     272.0 131.7   134.0    -2.3
26.08          32   88410 ‘‹€ .C.       3565 316.0      2324     9 272.0 160.0    0.     0 0     279.0 150.0   153.0    -3.0
28.08          30   88443 ‘‹€ .C.       3565 175.0         0     8 308.0 113.0    0.     0 0     333.0  86.8    88.0    -1.2
29.08          28   88450 ‘‹€ .C.       3565 266.0      2220     3 333.0  73.0    0.     0 0     270.0 116.2   136.0   -19.8
31.08     1               ‘‹€ .C.       3565 0.0           0         0.0   0.0 2507.     0 0       0.0   0.0     0.0     0.0
31.08     1               €“‚ ..       9385 0.0           0         0.0   0.0  210.     0 0       0.0   0.0     0.0     0.0
‘ 30 31 ƒ€€†.…  12350 „ € 330610    5844.0    41783   167 316.0 2717. 2717. 0     0     270.0 2765.1 2792.0   -26.9
ƒ‘“„€‘’‚…›‰ O… €T0777-7
‚ ’ —‘‹…  ‚„’…‹
                          ‘‹€ .C.       3565 5844.0    41782             2717.           0             2765.1 2792.0   -26.9
                          €“‚ ..       9385 0.0           0               0.0           0               0.0  0.0        0.0
01.08           6   87969  ‘..        1457 100.0       728       142.0 150.0    0.     0 0     230.0  62.8    62.0     0.8
03.08           6   87987  ‘..        1457 78.0        487       230.0   0.0    0.     0 0     172.0  57.4    58.0    -0.6
04.08           6   88004  ‘..        1457 122.0       736       172.0   0.0    0.     0 0      91.0  80.5    81.0    -0.5
05.08           6   88034  ‘..        1457 80.0        516        91.0 150.0    0.     0 0     182.0  58.2    59.0    -0.8
06.08           6   88052  ‘..        1457 108.0       626       182.0   0.0    0.     0 0     110.0  72.7    72.0     0.7
07.08           6   88077  ‘..        1457 64.0        386       110.0 150.0    0.     0 0     218.0  41.8    42.0    -0.2
10.08           6   88129  ‘..        1457 71.0        619       218.0   0.0    0.     0 0     168.0  50.0    50.0     0.0
11.08           4   88172  ‘..        1457 149.0         0       168.0 150.0    0.     0 0     241.0  76.6    77.0    -0.4
12.08           4   88193  ‘..        1457 148.0         0       241.0   0.0    0.     0 0     162.0  79.2    79.0     0.2
13.08           4   88217  ‘..        1457 149.0         0       162.0 150.0    0.     0 0     233.0  78.4    79.0    -0.6
14.08          13   88237  ‘..        1457 149.0         0       233.0   0.0    0.     0 0     155.0  79.0    78.0     1.0
17.08          13   88267  ‘..        1457 146.0         0       155.0 150.0    0.     0 0     227.0  77.2    78.0    -0.8
18.08          13   88158  ‘..        1457 146.0         0       227.0   0.0    0.     0 0     152.0  75.4    75.0     0.4
19.08          13   88276  ‘..        1457 149.0         0       152.0 146.0    0.     0 0     220.0  78.7    78.0     0.7
20.08          19   88295  ‘..        1457 147.0         0       220.0   0.0    0.     0 0     144.0  75.8    76.0    -0.2
21.08          19   88325  ‘..        1457 146.0         0       144.0 100.0    0.     0 0     170.0  75.4    74.0     1.4
24.08          23   88352  ‘..        1457 146.0         0       170.0 125.0    0.     0 0     220.0  75.4    75.0     0.4
25.08          23   88386  ‘..        1457 149.0         0       220.0   0.0    0.     0 0     141.0  78.7    79.0    -0.3
26.08          30   88392  ‘..        1457 148.0         0       141.0 104.0    0.     0 0     173.0  76.2    72.0     4.2
27.08          30   88417  ‘..        1457 146.0         0       173.0 100.0    0.     0 0     198.0  75.4    75.0     0.4
--------------------------------------------------------------------------------------------------------------------------------
 ƒ "¨­ααβΰ®©"                                                                        „ ”› 593952
                                           ‘‚…„…
                                   €‘•„… ’‹‚€  ‡€ €‚ƒ“‘’        2020  ƒ„
62014                                      „€’€ ‘—…’€ 14/09/20                                 ‹‘’  12

--------------------------------------------------------------------------------------------------------------------------------
:    :- :“’…‚‰ ‹‘’ :    ‚  „  ’ … ‹     :…ƒ: ƒ“‡-:‹-:‘’€-: ‹“—…  :‚‡‚€™… :‘’€-:   € ‘ •  „  ::
:„€’€:… :-------------------------------------:      :       :—…‘’-: ’ : ‹ (“) : ‹ (“) : ’ :---------------: +:
:    :‚…„.:… :… :                 : ’€.:    : ’: ‚  :  :-----------:-----------:  :     : ”€’  :……-:
:    :    :€— :„“- :  ”€‹ ..   :…:      :       :…‡„:‚›…‡-:   :   :   :   :‚‡- : … : /‹ :€‘- :
:    :    :      :…’€ :                 :     :      :  ’  :     : „…  : /‹ :‚…„: /‹ :‚…„:‚€’…:       :       :•„ -:
--------------------------------------------------------------------------------------------------------------------------------
28.08          29   88444  ‘..        1457 100.0       546       198.0   0.0    0.     0 0     126.0  71.8    72.0    -0.2
31.08     1    29   88490  ‘..        1457 38.0         55       126.0 150.0 1629.     0 0     257.0  20.0    19.0     1.0
‘  1 31 ƒ€€†.…  13064 „ € 340502    2679.0     4699       142.0 1625. 1629. 0     0     257.0 1516.6 1510.0     6.6
ƒ‘“„€‘’‚…›‰ O… AC1659-7
02.08           6   87962 €“ B.M.     9075 54.0        346       194.0   0.0    0.     0 0     162.0  31.3    32.0    -0.7
03.08           6   87988 €“ B.M.     9075 62.0        365       162.0   0.0    0.     0 0     126.0  36.1    36.0     0.1
04.08           6   88005 €“ B.M.     9075 85.0        460       126.0 150.0    0.     0 0     223.0  53.0    53.0     0.0
05.08           6   88035 €“ B.M.     9075 84.0        532       223.0   0.0    0.     0 0     165.0  58.2    58.0     0.2
06.08           6   88053 €“ B.M.     9075 64.0        204       165.0   0.0    0.     0 0     128.0  38.0    37.0     1.0
07.08           4   88079 €“ B.M.     9075 187.0         0       128.0 150.0    0.     0 0     187.0 100.5    91.0     9.5
08.08           6   88092 €“ B.M.     9075 74.0        538       187.0   0.0    0.     0 0     139.0  47.7    48.0    -0.3
10.08           6   88128 €“ B.M.     9075 118.0       743       139.0 150.0    0.     0 0     217.0  71.8    72.0    -0.2
11.08           6   88175 €“ B.M.     9075 78.0        415       217.0   0.0    0.     0 0     171.0  45.9    46.0    -0.1
12.08           6   88194 €“ B.M.     9075 106.0       739       171.0 100.0    0.     0 0     200.0  71.0    71.0     0.0
13.08          12   88220 €“ B.M.     9075 50.0        154       200.0   0.0    0.     0 0     171.0  29.3    29.0     0.3
14.08          17   88227 €“ B.M.     9075 112.0       864       171.0   0.0    0.     0 0      99.0  73.7    72.0     1.7
17.08          17   88254 €“ B.M.     9075 75.0        518        99.0 150.0    0.     0 0     196.0  49.4    53.0    -3.6
19.08          17   88246 €“ B.M.     9075 56.0        182       196.0   0.0    0.     0 0     163.0  31.0    33.0    -2.0
20.08          29   88315 €“ B.M.     9075 74.0        403       163.0   0.0    0.     0 0     116.0  44.5    47.0    -2.5
21.08          17   88337 €“ B.M.     9075 54.0        102       116.0 150.0    0.     0 0     236.0  28.3    30.0    -1.7
23.08          17   88340 €“ B.M.     9075 68.0        480       236.0   0.0    0.     0 0     189.0  44.1    47.0    -2.9
24.08          17   88361 €“ B.M.     9075 66.0        432       189.0   0.0    0.     0 0     140.0  49.2    49.0     0.2
25.08          29   88384 €“ B.M.     9075 57.0        346       140.0 150.0    0.     0 0     255.0  36.1    35.0     1.1
27.08          29   88396 €“ B.M.     9075 50.0        307       255.0   0.0    0.     0 0     225.0  29.9    30.0    -0.1
28.08          29   88422 €“ B.M.     9075 78.0        542       225.0   0.0    0.     0 0     173.0  52.3    52.0     0.3
30.08          29   88480 €“ B.M.     9075 60.0        286       173.0   0.0    0.     0 0     127.0  46.0    46.0     0.0
31.08     1               €“ B.M.     9075 0.0           0         0.0   0.0 1000.     0 0       0.0   0.0     0.0     0.0
‘  2 31 ƒ€€†.…  13072 „ € 340502    1712.0     8958       194.0 1000. 1000. 0     0     127.0 1067.3 1067.0     0.3
ƒ‘“„€‘’‚…›‰ O… AC1994-7
03.08         900   87970 ‘’›ƒ€ ..         25 25.0          0        34.0  60.0    0.     0 0      83.0  11.2    11.0     0.2
04.08         900   87994 ‘’›ƒ€ ..         25 17.0          0        83.0   0.0    0.     0 0      75.0   7.6     8.0    -0.4
05.08         900   88019 ‘’›ƒ€ ..         25 31.0          0        75.0   0.0    0.     0 0      61.0  13.9    14.0    -0.1
06.08         900   88038 ‘’›ƒ€ ..         25 23.0          0        61.0   0.0    0.     0 0      51.0  10.3    10.0     0.3
07.08         900   88082 ‘’›ƒ€ ..         25 18.0          0        51.0   0.0    0.     0 0      43.0   8.1     8.0     0.1
10.08         900   88130 ‘’›ƒ€ ..         25 36.0          0        43.0   0.0    0.     0 0      27.0  16.1    16.0     0.1
11.08         900   88176 ‘’›ƒ€ ..         25 26.0          0        27.0   0.0    0.     0 0      15.0  11.7    12.0    -0.3
12.08         900   88201 ‘’›ƒ€ ..         25 0.0           0        15.0   0.0    0.     0 0      15.0   0.0     0.0     0.0
13.08         900   88219 ‘’›ƒ€ ..         25 33.0          0        15.0  60.0    0.     0 0      60.0  14.8    15.0    -0.2
14.08         900   88239 ‘’›ƒ€ ..         25 46.0          0        60.0   0.0    0.     0 0      40.0  20.6    20.0     0.6
17.08         900   88154 ‘’›ƒ€ ..         25 0.0           0        40.0   0.0    0.     0 0      40.0   0.0     0.0     0.0
18.08         900   88155 ‘’›ƒ€ ..         25 108.0         0        40.0  30.0    0.     0 0      25.0  48.4    45.0     3.4
19.08         900   88275 ‘’›ƒ€ ..         25 0.0           0        25.0   0.0    0.     0 0      25.0   0.0     0.0     0.0
20.08         900   88293 ‘’›ƒ€ ..         25 14.0          0        25.0   0.0    0.     0 0      19.0   6.3     6.0     0.3
21.08         901   88335 “‘‰ ‹..      9050 22.0          0        19.0   0.0    0.     0 0       9.0   9.9    10.0    -0.1
24.08         901   88350 “‘‰ ‹..      9050 24.0          0         9.0  50.0    0.     0 0      49.0  10.8    10.0     0.8
25.08         901   88346 “‘‰ ‹..      9050 34.0          0        49.0   0.0    0.     0 0      34.0  15.2    15.0     0.2
26.08         901   88390 “‘‰ ‹..      9050 27.0          0        34.0   0.0    0.     0 0      22.0  12.1    12.0     0.1
27.08         901   88414 “‘‰ ‹..      9050 0.0           0        22.0   0.0    0.     0 0      22.0   0.0     0.0     0.0
28.08         901   88437 “‘‰ ‹..      9050 124.0         0        22.0  50.0    0.     0 0      18.0  55.6    54.0     1.6
31.08     1   901   88468 ‘’›ƒ€ ..         25 0.0           0        18.0   0.0  250.     0 0      18.0   0.0     0.0     0.0
‘  3 31 ƒ€€†.…  14915 „ € 361526    608.0         0        34.0 250.0  250. 0     0      18.0 272.6   266.0     6.6
ƒ‘“„€‘’‚…›‰ O… ‘ 22-61
‚ ’ —‘‹…  ‚„’…‹
                          ‘’›ƒ€ ..         25 377.0         0             150.0           0             169.0  165.0      4.0
--------------------------------------------------------------------------------------------------------------------------------
 ƒ "¨­ααβΰ®©"                                                                        „ ”› 593952
                                           ‘‚…„…
                                   €‘•„… ’‹‚€  ‡€ €‚ƒ“‘’        2020  ƒ„
62014                                      „€’€ ‘—…’€ 14/09/20                                 ‹‘’  13

--------------------------------------------------------------------------------------------------------------------------------
:    :- :“’…‚‰ ‹‘’ :    ‚  „  ’ … ‹     :…ƒ: ƒ“‡-:‹-:‘’€-: ‹“—…  :‚‡‚€™… :‘’€-:   € ‘ •  „  ::
:„€’€:… :-------------------------------------:      :       :—…‘’-: ’ : ‹ (“) : ‹ (“) : ’ :---------------: +:
:    :‚…„.:… :… :                 : ’€.:    : ’: ‚  :  :-----------:-----------:  :     : ”€’  :……-:
:    :    :€— :„“- :  ”€‹ ..   :…:      :       :…‡„:‚›…‡-:   :   :   :   :‚‡- : … : /‹ :€‘- :
:    :    :      :…’€ :                 :     :      :  ’  :     : „…  : /‹ :‚…„: /‹ :‚…„:‚€’…:       :       :•„ -:
--------------------------------------------------------------------------------------------------------------------------------
                          “‘‰ ‹..      9050 231.0         0             100.0           0             103.6  101.0      2.6
’ƒ  ‹…
…‡ €-92                                         2374                      270.          0                         278.
                                                                0                   269.0    0                279.      1.6
…‡ €-95                                         1199                      155.          0                         146.
                                                                0                   155.0    0                147.      0.8
„‡’‹‚                                          90897         2381       36748.          0                       37330.
                                                           433773                 33361.0    0              37704.      374.0
                                „‡’‹‚
’ƒ  €
…‡ €-92                                     2374.0                    270.0       0                           278.0
                                                                0                269.00      0            279.6         1.6
…‡ €-95                                     1199.0                    155.0       0                           146.7
                                                                0                155.00      0            147.5         0.8
„‡’‹‚                                       90897.0          2381     36748.0     0                           37330.0
                                                           433773                33361.00    0            37704.0       374.0
