 ƒ "¨­ααβΰ®©"                                                                        „ ”› 593952
                                           ‘‚…„…
                                   €‘•„… ’‹‚€  ‡€ „…€       2020  ƒ„
62014                                      „€’€ ‘—…’€ 10/03/21                                 ‹‘’   1

--------------------------------------------------------------------------------------------------------------------------------
:    :- :“’…‚‰ ‹‘’ :    ‚  „  ’ … ‹     :…ƒ: ƒ“‡-:‹-:‘’€-: ‹“—…  :‚‡‚€™… :‘’€-:   € ‘ •  „  ::
:„€’€:… :-------------------------------------:      :       :—…‘’-: ’ : ‹ (“) : ‹ (“) : ’ :---------------: +:
:    :‚…„.:… :… :                 : ’€.:    : ’: ‚  :  :-----------:-----------:  :     : ”€’  :……-:
:    :    :€— :„“- :  ”€‹ ..   :…:      :       :…‡„:‚›…‡-:   :   :   :   :‚‡- : … : /‹ :€‘- :
:    :    :      :…’€ :                 :     :      :  ’  :     : „…  : /‹ :‚…„: /‹ :‚…„:‚€’…:       :       :•„ -:
--------------------------------------------------------------------------------------------------------------------------------
                                …‡ €-92
01.12         900   89843 ƒ…€ ‚ ‘        9253 98.0          0        11.0  25.0    0.     0 0      23.0  13.4    13.0     0.4
02.12         900   89864 ƒ…€ ‚ ‘        9253 80.0          0        23.0   0.0    0.     0 0      12.0  10.9    11.0    -0.1
03.12         900   89869 ƒ…€ ‚ ‘        9253 82.0          0        12.0  20.0    0.     0 0      21.0  11.2    11.0     0.2
04.12         900   89880 ƒ…€ ‚ ‘        9253 80.0          0        21.0   0.0    0.     0 0      12.0  10.9     9.0     1.9
07.12         900   89892 ƒ…€ ‚ ‘        9253 97.0          0        12.0  20.0    0.     0 0      19.0  13.2    13.0     0.2
08.12         900   89949 ƒ…€ ‚ ‘        9253 83.0          0        19.0   0.0    0.     0 0       7.0  11.3    12.0    -0.7
09.12         900   89950 ƒ…€ ‚ ‘        9253 87.0          0         7.0  40.0    0.     0 0      35.0  11.9    12.0    -0.1
10.12         900   89959 ƒ…€ ‚ ‘        9253 89.0          0        35.0   0.0    0.     0 0      23.0  12.1    12.0     0.1
11.12         900   89975 ƒ…€ ‚ ‘        9253 90.0          0        23.0  10.0    0.     0 0      21.0  12.3    12.0     0.3
14.12         900   89986 ƒ…€ ‚ ‘        9253 74.0          0        21.0   0.0    0.     0 0      11.0  10.1    10.0     0.1
15.12         901   89926 ƒ…€ ‚ ‘        9253 83.0          0        11.0  20.0    0.     0 0      20.0  11.3    11.0     0.3
16.12         901   89917 ƒ…€ ‚ ‘        9253 73.0          0        20.0  20.0    0.     0 0      30.0  10.0    10.0     0.0
17.12         901   89996 ƒ…€ ‚ ‘        9253 74.0          0        30.0   0.0    0.     0 0      20.0  10.1    10.0     0.1
18.12         901   90007 ƒ…€ ‚ ‘        9253 74.0          0        20.0   0.0    0.     0 0      10.0  10.1    10.0     0.1
21.12         901   90041 ƒ…€ ‚ ‘        9253 56.0          0        10.0   0.0    0.     0 0       3.0   7.6     7.0     0.6
22.12         901   90018 ƒ…€ ‚ ‘        9253 95.0          0         3.0  40.0    0.     0 0      30.0  13.0    13.0     0.0
23.12         901   90057 ƒ…€ ‚ ‘        9253 80.0          0        30.0   0.0    0.     0 0      19.0  10.9    11.0    -0.1
24.12         901   90070 ƒ…€ ‚ ‘        9253 75.0          0        19.0   0.0    0.     0 0       9.0  10.2    10.0     0.2
31.12     2               ƒ…€ ‚ ‘        9253 0.0           0         0.0   0.0  195.     0 0       0.0   0.0     0.0     0.0
‘  1 31 ƒ€€†.…  10049 „ € 220030    1470.0        0        11.0 195.0  195. 0     0       9.0 200.5   197.0     3.5
ƒ‘“„€‘’‚…›‰ O… €€6622-7
01.12         901  600796 €‹…•‚— € €    20017 690.0         0        52.0  90.0    0.     0 0      73.0  69.0    69.0     0.0
16.12         901  600798 €‹…•‚— € €    20017 520.0         0        73.0  30.0    0.     0 0      51.0  52.0    52.0     0.0
31.12     2               €‹…•‚— € €    20017 0.0           0         0.0   0.0  120.     0 0       0.0   0.0     0.0     0.0
‘  1 31 ƒ€€†.…  11118 „ € 113080    1210.0        0        52.0 120.0  120. 0     0      51.0 121.0   121.0     0.0
ƒ‘“„€‘’‚…›‰ O… 80-28€…7
                                …‡ €-95
01.12         911  600795 ’‚ €.….     20525 550.0         0        14.4  80.0    0.     0 0      26.9  67.7    67.5     0.2
16.12         911  600797 ’‚ €.….     20525 325.0         0        26.9  30.0    0.     0 0      17.1  40.0    39.8     0.2
31.12     3               ’‚ €.….     20525 0.0           0         0.0   0.0  110.     0 0       0.0   0.0     0.0     0.0
‘  1 31 ƒ€€†.…  10014 „ € 113001    875.0         0        14.4 110.0  110. 0     0      17.1 107.7   107.3     0.4
ƒ‘“„€‘’‚…›‰ O… 0014II-7
                                „‡’‹‚
02.12           3   89860 €‹ A.B.          27 22.0          0       286.0   0.0    0.     0 0     280.0   6.3     6.0     0.3
03.12           3   89878 €‹ A.B.          27 422.0      4360       280.0 250.0    0.     0 0     354.0 175.9   176.0    -0.1
07.12           3   89898 €‹ A.B.          27 141.0      1363       354.0   0.0    0.     0 0     314.0  59.1    40.0    19.1
10.12           3   89965 €‹ A.B.          27 395.0      4360       314.0 300.0    0.     0 0     445.0 168.4   169.0    -0.6
11.12           3   89969 €‹ A.B.          27 395.0      4360       445.0 100.0    0.     0 0     376.0 168.4   169.0    -0.6
15.12           6   89993 €‹ A.B.          27 96.0       1029       376.0 100.0    0.     0 0     433.0  43.0    43.0     0.0
17.12           6   90002 €‹ A.B.          27 96.0       1029       433.0   0.0    0.     0 0     382.0  43.0    51.0    -8.0
18.12           9   90038 €‹ A.B.          27 52.0        514       382.0   0.0    0.     0 0     352.0  22.8    30.0    -7.2
21.12          10   90048 €‹ A.B.          27 22.0          0       352.0   0.0    0.     0 0     345.0   7.0     7.0     0.0
23.12           9   90063 €‹ A.B.          27 96.0        959       345.0  50.0    0.     0 0     352.0  42.1    43.0    -0.9
28.12          12   90097 €‹ A.B.          27 395.0      4500       352.0 100.0    0.     0 0     283.0 170.1   169.0     1.1
31.12     1               €‹ A.B.          27 0.0           0         0.0   0.0  900.     0 0       0.0   0.0     0.0     0.0
‘  2 31 ƒ€€†.…  10332 „ € 322773    2132.0    22474       286.0 900.0  900. 0     0     283.0 906.1   903.0     3.1
ƒ‘“„€‘’‚…›‰ O… KM 2290
02.12           2   89866 €‚ H.C.        5398 157.0         0       233.0   0.0    0.     0 0     178.0  55.1    55.0     0.1
03.12           2   89871 €‚ H.C.        5398 145.0         0       178.0   0.0    0.     0 0     127.0  50.9    51.0    -0.1
04.12           2   89883 €‚ H.C.        5398 149.0         0       127.0 150.0    0.     0 0     225.0  52.3    52.0     0.3
07.12           2   89894 €‚ H.C.        5398 154.0         0       225.0   0.0    0.     0 0     171.0  54.0    54.0     0.0
08.12           2   89932 €‚ H.C.        5398 159.0         0       171.0 200.0    0.     0 0     315.0  55.8    56.0    -0.2
--------------------------------------------------------------------------------------------------------------------------------
 ƒ "¨­ααβΰ®©"                                                                        „ ”› 593952
                                           ‘‚…„…
                                   €‘•„… ’‹‚€  ‡€ „…€       2020  ƒ„
62014                                      „€’€ ‘—…’€ 10/03/21                                 ‹‘’   2

--------------------------------------------------------------------------------------------------------------------------------
:    :- :“’…‚‰ ‹‘’ :    ‚  „  ’ … ‹     :…ƒ: ƒ“‡-:‹-:‘’€-: ‹“—…  :‚‡‚€™… :‘’€-:   € ‘ •  „  ::
:„€’€:… :-------------------------------------:      :       :—…‘’-: ’ : ‹ (“) : ‹ (“) : ’ :---------------: +:
:    :‚…„.:… :… :                 : ’€.:    : ’: ‚  :  :-----------:-----------:  :     : ”€’  :……-:
:    :    :€— :„“- :  ”€‹ ..   :…:      :       :…‡„:‚›…‡-:   :   :   :   :‚‡- : … : /‹ :€‘- :
:    :    :      :…’€ :                 :     :      :  ’  :     : „…  : /‹ :‚…„: /‹ :‚…„:‚€’…:       :       :•„ -:
--------------------------------------------------------------------------------------------------------------------------------
09.12           2   89945 €‚ H.C.        5398 157.0         0       315.0   0.0    0.     0 0     260.0  55.1    55.0     0.1
10.12           2   89958 €‚ H.C.        5398 159.0         0       260.0   0.0    0.     0 0     204.0  55.8    56.0    -0.2
14.12           7   89985 €‚ H.C.        5398 145.0         0       204.0   0.0    0.     0 0     153.0  50.9    51.0    -0.1
15.12           7   89925 €‚ H.C.        5398 154.0         0       153.0   0.0    0.     0 0      99.0  54.0    54.0     0.0
17.12           7   90000 €‚ H.C.        5398 179.0         0        99.0 200.0    0.     0 0     236.0  62.8    63.0    -0.2
22.12           9   90055 €‚ H.C.        5398 96.0        994       236.0   0.0    0.     0 0     193.0  42.6    43.0    -0.4
23.12           9   90062 €‚ H.C.        5398 96.0        959       193.0   0.0    0.     0 0     150.0  42.1    43.0    -0.9
24.12          12   90074 €‚ H.C.        5398 395.0      4280       150.0 200.0    0.     0 0     180.0 167.5   170.0    -2.5
28.12          10   90095 €‚ H.C.        5398 159.0         0       180.0   0.0    0.     0 0     123.0  55.8    57.0    -1.2
29.12          10   90105 €‚ H.C.        5398 158.0         0       123.0 200.0    0.     0 0     267.0  55.4    56.0    -0.6
31.12     1               €‚ H.C.        5398 0.0           0         0.0   0.0  950.     0 0       0.0   0.0     0.0     0.0
‘  2 31 ƒ€€†.…  10367 „ € 322773    2462.0     6233       233.0 950.0  950. 0     0     267.0 910.1   916.0    -5.9
ƒ‘“„€‘’‚…›‰ O… KI 0839
07.12           2   89896 “‹…         4227 149.0         0       232.0   0.0    0.     0 0     178.0  53.8    54.0    -0.2
08.12           3   89931 “‹…         4227 395.0      4360       178.0 250.0    0.     0 0     257.0 171.4   171.0     0.4
09.12           3   89939 “‹…         4227 395.0      4360       257.0 250.0    0.     0 0     335.0 171.4   172.0    -0.6
10.12           3   89961 “‹…         4227 395.0      4360       335.0   0.0    0.     0 0     164.0 171.4   171.0     0.4
11.12           3   89968 “‹…         4227 52.0        514       164.0   0.0    0.     0 0     141.0  23.4    23.0     0.4
14.12           3   89979 “‹…         4227 96.0       1029       141.0 300.0    0.     0 0     397.0  44.1    44.0     0.1
15.12           6   89921 “‹…         4227 96.0       1029       397.0   0.0    0.     0 0     353.0  44.1    44.0     0.1
16.12           9   89994 “‹…         4227 634.0      1625       353.0 270.0    0.     0 0     410.0 213.0   213.0     0.0
21.12           9   90047 “‹…         4227 96.0       1029       410.0   0.0    0.     0 0     366.0  44.1    44.0     0.1
22.12           9   90052 “‹…         4227 96.0        963       366.0   0.0    0.     0 0     322.0  43.3    44.0    -0.7
23.12          12   90064 “‹…         4227 395.0      4480       322.0   0.0    0.     0 0     148.0 172.9   174.0    -1.1
24.12          12   90075 “‹…         4227 395.0      4370       148.0 300.0    0.     0 0     276.0 171.6   172.0    -0.4
28.12          12   90088 “‹…         4227 395.0      4500       276.0 300.0    0.     0 0     402.0 173.1   174.0    -0.9
31.12     1               “‹…         4227 0.0           0         0.0   0.0 1670.     0 0       0.0   0.0     0.0     0.0
‘  7 31 ƒ€€†.…  10987 „ € 322780    3589.0    32619       232.0 1670. 1670. 0     0     402.0 1497.6 1500.0    -2.4
ƒ‘“„€‘’‚…›‰ O… … 0098
02.12           2   89867 …— A.C.      30661 176.0         0     8 120.0  50.0    0.     0 0     116.0  54.2    54.0     0.2
04.12           4   89886 …— A.C.      30661 56.0        136     1 116.0  40.0    0.     0 0     139.0  16.9    17.0    -0.1
07.12           2   89897 …— A.C.      30661 167.0         0     8 139.0   0.0    0.     0 0      88.0  51.5    51.0     0.5
31.12     1               …— A.C.      30661 0.0           0         0.0   0.0   90.     0 0       0.0   0.0     0.0     0.0
‘  2 31 ƒ€€†.…  11606 „ € 330599    399.0       136    17 120.0 90.0    90. 0     0      88.0 122.6   122.0     0.6
ƒ‘“„€‘’‚…›‰ O… €‚5980-7
02.12           3   89913 €‚—“ ƒ.”.      9644 176.0       405     2 115.0 100.0    0.     0 0     160.0  52.7    55.0    -2.3
03.12           3   89875 €‚—“ ƒ.”.      9644 236.0       764     3 160.0  80.0    0.     0 0     170.0  69.5    70.0    -0.5
04.12           3   89885 €‚—“ ƒ.”.      9644 208.0       497     3 170.0  80.0    0.     0 0     185.0  62.5    65.0    -2.5
05.12           3   89890 €‚—“ ƒ.”.      9644 86.0         55     1 185.0   0.0    0.     0 0     160.0  25.8    25.0     0.8
07.12           3   89900 €‚—“ ƒ.”.      9644 200.0       216     3 160.0  80.0    0.     0 0     180.0  60.1    60.0     0.1
08.12           3   89936 €‚—“ ƒ.”.      9644 170.0       166     2 180.0   0.0    0.     0 0     130.0  49.5    50.0    -0.5
09.12           3   89942 €‚—“ ƒ.”.      9644 268.0       209     4 130.0 100.0    0.     0 0     150.0  79.1    80.0    -0.9
10.12           3   89962 €‚—“ ƒ.”.      9644 170.0        76     2 150.0  70.0    0.     0 0     170.0  49.5    50.0    -0.5
11.12           3   89970 €‚—“ ƒ.”.      9644 214.0       309     3 170.0  80.0    0.     0 0     185.0  64.2    65.0    -0.8
12.12           3   89977 €‚—“ ƒ.”.      9644 86.0         83     1 185.0   0.0    0.     0 0     160.0  25.8    25.0     0.8
14.12           3   89978 €‚—“ ƒ.”.      9644 150.0       259     2 160.0   0.0    0.     0 0     115.0  45.0    45.0     0.0
15.12           6   89891 €‚—“ ƒ.”.      9644 136.0       138     2 115.0  70.0    0.     0 0     145.0  40.8    40.0     0.8
16.12           6   89992 €‚—“ ƒ.”.      9644 100.0        88     1 145.0   0.0    0.     0 0     125.0  29.9    20.0     9.9
17.12           6   90003 €‚—“ ƒ.”.      9644 152.0       287     2 125.0  77.0    0.     0 0     160.0  45.6    42.0     3.6
18.12           6   90013 €‚—“ ƒ.”.      9644 208.0       277     3 160.0   0.0    0.     0 0     100.0  62.5    60.0     2.5
19.12           6   90039 €‚—“ ƒ.”.      9644 86.0         83     1 100.0   0.0    0.     0 0      75.0  25.8    25.0     0.8
20.12           6   90050 €‚—“ ƒ.”.      9644 168.0       202     2  75.0 100.0    0.     0 0     125.0  50.3    50.0     0.3
21.12           9   90045 €‚—“ ƒ.”.      9644 242.0       323     3 125.0  70.0    0.     0 0     125.0  71.1    70.0     1.1
22.12           9   90053 €‚—“ ƒ.”.      9644 332.0       763     5 125.0  85.0    0.     0 0     100.0  99.7   110.0   -10.3
--------------------------------------------------------------------------------------------------------------------------------
 ƒ "¨­ααβΰ®©"                                                                        „ ”› 593952
                                           ‘‚…„…
                                   €‘•„… ’‹‚€  ‡€ „…€       2020  ƒ„
62014                                      „€’€ ‘—…’€ 10/03/21                                 ‹‘’   3

--------------------------------------------------------------------------------------------------------------------------------
:    :- :“’…‚‰ ‹‘’ :    ‚  „  ’ … ‹     :…ƒ: ƒ“‡-:‹-:‘’€-: ‹“—…  :‚‡‚€™… :‘’€-:   € ‘ •  „  ::
:„€’€:… :-------------------------------------:      :       :—…‘’-: ’ : ‹ (“) : ‹ (“) : ’ :---------------: +:
:    :‚…„.:… :… :                 : ’€.:    : ’: ‚  :  :-----------:-----------:  :     : ”€’  :……-:
:    :    :€— :„“- :  ”€‹ ..   :…:      :       :…‡„:‚›…‡-:   :   :   :   :‚‡- : … : /‹ :€‘- :
:    :    :      :…’€ :                 :     :      :  ’  :     : „…  : /‹ :‚…„: /‹ :‚…„:‚€’…:       :       :•„ -:
--------------------------------------------------------------------------------------------------------------------------------
31.12     1               €‚—“ ƒ.”.      9644 0.0           0         0.0   0.0  992.     0 0       0.0   0.0     0.0     0.0
‘  2 31 ƒ€€†.…  11622 „ € 330598    3388.0     5200    45 115.0 992.0  992. 0     0     100.0 1009.4 1007.0     2.4
ƒ‘“„€‘’‚…›‰ O… €‚5981-7
09.12           2   89946 …— A.C.      30661 149.0         0     5  95.0   0.0    0.     0 0      50.0  45.4    45.0     0.4
14.12           5   89981 …— A.C.      30661 104.0       256     2  50.0  80.0    0.     0 0      99.0  31.4    31.0     0.4
15.12           7   89916 …— A.C.      30661 144.0         0    18  99.0   0.0    0.     0 0      53.0  47.2    46.0     1.2
16.12           7   89991 …— A.C.      30661 146.0         0     5  53.0  90.0    0.     0 0      98.0  44.6    45.0    -0.4
18.12           5   90012 …— A.C.      30661 100.0       270     3  98.0   0.0    0.     0 0      68.0  30.4    30.0     0.4
21.12          10   90016 ‹€“–‰ ”       8664 143.0         0    15  68.0 100.0    0.     0 0     123.0  46.2    45.0     1.2
22.12           8   90056 ‹€“–‰ ”       8664 116.0       276     3 123.0   0.0    0.     0 0      88.0  35.2    35.0     0.2
23.12          10   90061 ‹€“–‰ ”       8664 148.0         0    12  88.0   0.0    0.     0 0      41.0  46.9    47.0    -0.1
30.12          11   90119 ‹€“–‰ ”       8664 88.0        189     2  41.0 100.0    0.     0 0     114.0  26.6    27.0    -0.4
31.12     1               ‹€“–‰ ”       8664 0.0           0         0.0   0.0  200.     0 0       0.0   0.0     0.0     0.0
31.12     1               …— A.C.      30661 0.0           0         0.0   0.0  170.     0 0       0.0   0.0     0.0     0.0
‘  9 31 ƒ€€†.…  11721 „ € 330602    1138.0      991    65  95.0 370.0  370. 0     0     114.0 353.9   351.0     2.9
ƒ‘“„€‘’‚…›‰ O… €0119-7
‚ ’ —‘‹…  ‚„’…‹
                          …— A.C.      30661 643.0       525             170.0           0             199.0  197.0      2.0
                          ‹€“–‰ ”       8664 495.0       465             200.0           0             154.9  154.0      0.9
24.12          11   90076 ‹€“–‰ ”       8664 100.0       210     4  46.0  90.0    0.     0 0     105.0  30.7    31.0    -0.3
28.12          11   90090 ‹€“–‰ ”       8664 80.0        155     3 105.0   0.0    0.     0 0      81.0  24.5    24.0     0.5
29.12          11   90110 ‹€“–‰ ”       8664 150.0       290     3  81.0  60.0    0.     0 0      96.0  43.7    45.0    -1.3
31.12     1               ‹€“–‰ ”       8664 0.0           0         0.0   0.0  150.     0 0       0.0   0.0     0.0     0.0
‘ 24 31 ƒ€€†.…  11738 „ € 330602    330.0       655    10  46.0 150.0  150. 0     0      96.0  98.9   100.0    -1.1
ƒ‘“„€‘’‚…›‰ O… €0118-7
02.12           2   89868 ‘‹‚…‰ .‹.     19062 175.0         0        65.0   0.0    0.     0 0      34.0  31.5    31.0     0.5
03.12           2   89872 ‘‹‚…‰ .‹.     19062 178.0         0        34.0  70.0    0.     0 0      72.0  32.0    32.0     0.0
04.12           2   89882 ‘‹‚…‰ .‹.     19062 149.0         0        72.0   0.0    0.     0 0      45.0  26.8    27.0    -0.2
08.12           2   89934 “‘‰ ‹..      9050 176.0         0        45.0   0.0    0.     0 0      14.0  31.7    31.0     0.7
10.12           2   89944 “‘‰ ‹..      9050 178.0         0        14.0  80.0    0.     0 0      62.0  32.0    32.0     0.0
11.12           2   89971 “‘‰ ‹..      9050 179.0         0        62.0   0.0    0.     0 0      29.0  32.2    33.0    -0.8
14.12           7   89984 “‘‰ ‹..      9050 148.0         0        29.0   0.0    0.     0 0       4.0  26.6    25.0     1.6
15.12           7   89924 “‘‰ ‹..      9050 148.0         0         4.0  80.0    0.     0 0      58.0  26.6    26.0     0.6
16.12           7   89988 “‘‰ ‹..      9050 149.0         0        58.0   0.0    0.     0 0      31.0  26.8    27.0    -0.2
17.12           7   89999 “‘‰ ‹..      9050 179.0         0        31.0  65.0    0.     0 0      69.0  32.2    27.0     5.2
18.12           7   90009 “‘‰ ‹..      9050 179.0         0        69.0   0.0    0.     0 0      37.0  32.2    32.0     0.2
21.12           7   90043 “‘‰ ‹..      9050 178.0         0        37.0  55.0    0.     0 0      60.0  32.0    32.0     0.0
22.12          10   90020 “‘‰ ‹..      9050 179.0         0        60.0   0.0    0.     0 0      28.0  32.2    32.0     0.2
23.12          10   90068 “‘‰ ‹..      9050 178.0         0        28.0  65.0    0.     0 0      61.0  32.0    32.0     0.0
24.12          10   90073 “‘‰ ‹..      9050 179.0         0        61.0   0.0    0.     0 0      26.0  32.2    35.0    -2.8
28.12          10   90078 “‘‰ ‹..      9050 178.0         0        26.0  75.0    0.     0 0      66.0  32.0    35.0    -3.0
29.12          10   90106 “‘‰ ‹..      9050 179.0         0        66.0   0.0    0.     0 0      31.0  32.2    35.0    -2.8
30.12          10   90116 “‘‰ ‹..      9050 178.0         0        31.0  65.0    0.     0 0      62.0  32.0    34.0    -2.0
31.12     1               …‰€ ..        4161 0.0           0         0.0   0.0  485.     0 0       0.0   0.0     0.0     0.0
31.12     1               ‘‹‚…‰ .‹.     19062 0.0           0         0.0   0.0   70.     0 0       0.0   0.0     0.0     0.0
‘  2 31 ƒ€€†.…  11746 „ € 310900    3087.0        0        65.0 555.0  555. 0     0      62.0 555.2   558.0    -2.8
ƒ‘“„€‘’‚…›‰ O… €0116-7
‚ ’ —‘‹…  ‚„’…‹
                          ‘‹‚…‰ .‹.     19062 502.0         0              70.0           0              90.3  90.0       0.3
                          “‘‰ ‹..      9050 2585.0        0             485.0           0             464.9  468.0     -3.1
                          …‰€ ..        4161 0.0           0               0.0           0               0.0  0.0        0.0
01.12           1   89901 ‹‰ A.A.        2021 40.0         86     2 183.0   0.0    0.     0 0     171.0  12.4    12.0     0.4
02.12           1   89902 ‹‰ A.A.        2021 40.0        131     2 171.0   0.0    0.     0 0     159.0  12.4    12.0     0.4
03.12           1   89903 ‹‰ A.A.        2021 52.0        254     2 159.0   0.0    0.     0 0     143.0  15.9    16.0    -0.1
--------------------------------------------------------------------------------------------------------------------------------
 ƒ "¨­ααβΰ®©"                                                                        „ ”› 593952
                                           ‘‚…„…
                                   €‘•„… ’‹‚€  ‡€ „…€       2020  ƒ„
62014                                      „€’€ ‘—…’€ 10/03/21                                 ‹‘’   4

--------------------------------------------------------------------------------------------------------------------------------
:    :- :“’…‚‰ ‹‘’ :    ‚  „  ’ … ‹     :…ƒ: ƒ“‡-:‹-:‘’€-: ‹“—…  :‚‡‚€™… :‘’€-:   € ‘ •  „  ::
:„€’€:… :-------------------------------------:      :       :—…‘’-: ’ : ‹ (“) : ‹ (“) : ’ :---------------: +:
:    :‚…„.:… :… :                 : ’€.:    : ’: ‚  :  :-----------:-----------:  :     : ”€’  :……-:
:    :    :€— :„“- :  ”€‹ ..   :…:      :       :…‡„:‚›…‡-:   :   :   :   :‚‡- : … : /‹ :€‘- :
:    :    :      :…’€ :                 :     :      :  ’  :     : „…  : /‹ :‚…„: /‹ :‚…„:‚€’…:       :       :•„ -:
--------------------------------------------------------------------------------------------------------------------------------
04.12           1   89907 ‹‰ A.A.        2021 104.0       474     4 143.0 100.0    0.     0 0     211.0  31.9    32.0    -0.1
05.12           1   89908 ‹‰ A.A.        2021 112.0       363     5 211.0   0.0    0.     0 0     177.0  34.5    34.0     0.5
07.12           4   89909 ‹‰ A.A.        2021 96.0        378     3 177.0   0.0    0.     0 0     148.0  29.2    29.0     0.2
08.12           4   89951 ‹‰ A.A.        2021 102.0       376     4 148.0   0.0    0.     0 0     117.0  31.3    31.0     0.3
09.12           4   89954 ‹‰ A.A.        2021 58.0        197     3 117.0   0.0    0.     0 0      99.0  18.0    18.0     0.0
10.12           4   89955 ‹‰ A.A.        2021 96.0        233     4  99.0 100.0    0.     0 0     170.0  29.5    29.0     0.5
11.12           5   90022 ‹‰ A.A.        2021 80.0        324     4 170.0   0.0    0.     0 0     145.0  24.7    25.0    -0.3
12.12           4   90024 ‹‰ A.A.        2021 114.0       321     4 145.0 100.0    0.     0 0     210.0  34.8    35.0    -0.2
14.12           4   90025 ‹‰ A.A.        2021 102.0       416     4 210.0   0.0    0.     0 0     179.0  31.3    31.0     0.3
15.12           4   90028 ‹‰ A.A.        2021 30.0         48     1 179.0   0.0    0.     0 0     169.0   9.1    10.0    -0.9
31.12     1               ‹‰ A.A.        2021 0.0           0         0.0   0.0  300.     0 0       0.0   0.0     0.0     0.0
‘  1 31 ƒ€€†.…  11754 „ € 330599    1026.0     3601    42 183.0 300.0  300. 0     0     169.0 315.0   314.0     1.0
ƒ‘“„€‘’‚…›‰ O… €1122-7
01.12           1   89845 •€’‚ ‘ ƒ     8923 82.0        241     3  58.0  80.0    0.     0 0     113.0  25.1    25.0     0.1
02.12           1   89862 •€’‚ ‘ ƒ     8923 56.0        117     2 113.0   0.0    0.     0 0      96.0  17.1    17.0     0.1
03.12           1   89877 •€’‚ ‘ ƒ     8923 58.0        113     2  96.0   0.0    0.     0 0      79.0  17.7    17.0     0.7
04.12           1   89888 •€’‚ ‘ ƒ     8923 134.0       168     3  79.0  70.0    0.     0 0     109.0  39.0    40.0    -1.0
07.12           1   89918 •€’‚ ‘ ƒ     8923 170.0       112     2 109.0  70.0    0.     0 0     128.0  47.9    51.0    -3.1
08.12           2   89930 •€’‚ ‘ ƒ     8923 178.0         0    20 128.0   0.0    0.     0 0      70.0  57.8    58.0    -0.2
09.12           2   89940 •€’‚ ‘ ƒ     8923 173.0         0    20  70.0 100.0    0.     0 0     114.0  56.3    56.0     0.3
10.12           5   89964 •€’‚ ‘ ƒ     8923 72.0        161     3 114.0   0.0    0.     0 0      92.0  22.1    22.0     0.1
11.12           5   89966 •€’‚ ‘ ƒ     8923 94.0        137     1  92.0   0.0    0.     0 0      64.0  26.6    28.0    -1.4
14.12           5   89980 •€’‚ ‘ ƒ     8923 134.0       228     3  64.0  90.0    0.     0 0     113.0  39.0    41.0    -2.0
15.12           5   89922 •€’‚ ‘ ƒ     8923 114.0       308     2 113.0   0.0    0.     0 0      79.0  32.8    34.0    -1.2
16.12           7   89989 •€’‚ ‘ ƒ     8923 174.0         0    20  79.0   0.0    0.     0 0      28.0  56.6    51.0     5.6
17.12           8   90004 •€’‚ ‘ ƒ     8923 78.0        168     3  28.0  80.0    0.     0 0      84.0  23.9    24.0    -0.1
18.12           8   90014 •€’‚ ‘ ƒ     8923 98.0        163     4  84.0   0.0    0.     0 0      54.0  30.1    30.0     0.1
21.12           8   90046 •€’‚ ‘ ƒ     8923 90.0        240     3  54.0  90.0    0.     0 0     113.0  27.4    31.0    -3.6
22.12           8   90054 •€’‚ ‘ ƒ     8923 90.0        211     3 113.0   0.0    0.     0 0      86.0  27.4    27.0     0.4
23.12           8   90067 •€’‚ ‘ ƒ     8923 74.0        170     3  86.0  70.0    0.     0 0     134.0  22.7    22.0     0.7
31.12     1               •€’‚ ‘ ƒ     8923 0.0           0         0.0   0.0  650.     0 0       0.0   0.0     0.0     0.0
‘  1 31 ƒ€€†.…  11771 „ € 330598    1869.0     2537    97  58.0 650.0  650. 0     0     134.0 569.5   574.0    -4.5
ƒ‘“„€‘’‚…›‰ O… €3434-7
01.12           1   89904 € ‚ ‚         9318 96.0        286     2  75.0  60.0    0.     0 0     106.0  29.0    29.0     0.0
02.12           1   89905 € ‚ ‚         9318 96.0        293     3 106.0  45.0    0.     0 0     122.0  29.2    29.0     0.2
03.12           1   89906 € ‚ ‚         9318 108.0       333     3 122.0   0.0    0.     0 0      89.0  32.8    33.0    -0.2
04.12           1   89911 € ‚ ‚         9318 176.0       541     5  89.0  65.0    0.     0 0     101.0  52.5    53.0    -0.5
05.12           1   89912 € ‚ ‚         9318 222.0       370     4 101.0  45.0    0.     0 0      79.0  63.9    67.0    -3.1
07.12           4   89910 € ‚ ‚         9318 78.0        166     2  79.0   0.0    0.     0 0      56.0  23.6    23.0     0.6
08.12           4   89952 € ‚ ‚         9318 82.0        267     3  56.0   0.0    0.     0 0      31.0  25.1    25.0     0.1
09.12           4   89953 € ‚ ‚         9318 192.0       494     5  31.0  90.0    0.     0 0      63.0  56.6    58.0    -1.4
10.12           4   89956 € ‚ ‚         9318 164.0       496     5  63.0   0.0    0.     0 0      13.0  49.0    50.0    -1.0
11.12           4   90021 € ‚ ‚         9318 134.0       352     5  13.0  60.0    0.     0 0      32.0  41.0    41.0     0.0
12.12           4   90023 € ‚ ‚         9318 78.0        168     3  32.0  30.0    0.     0 0      38.0  23.9    24.0    -0.1
14.12           5   90026 € ‚ ‚         9318 108.0       409     3  38.0   0.0    0.     0 0       6.0  31.8    32.0    -0.2
15.12           5   90027 € ‚ ‚         9318 120.0       333     4   6.0  80.0    0.     0 0      50.0  36.6    36.0     0.6
16.12           5   90029 € ‚ ‚         9318 112.0       369     3  50.0   0.0    0.     0 0      16.0  34.8    34.0     0.8
17.12           5   90030 € ‚ ‚         9318 172.0       504     6  16.0  60.0    0.     0 0      23.0  52.5    53.0    -0.5
18.12           5   90031 € ‚ ‚         9318 134.0       448     5  23.0  55.0    0.     0 0      37.0  41.0    41.0     0.0
19.12           8   90032 € ‚ ‚         9318 60.0        148     3  37.0  45.0    0.     0 0      64.0  18.5    18.0     0.5
21.12           8   90033 € ‚ ‚         9318 124.0       452     3  64.0   0.0    0.     0 0      27.0  36.2    37.0    -0.8
22.12           8   90034 € ‚ ‚         9318 128.0       378     4  27.0  70.0    0.     0 0      58.0  39.0    39.0     0.0
23.12           8   90035 € ‚ ‚         9318 108.0       310     3  58.0  50.0    0.     0 0      75.0  32.8    33.0    -0.2
24.12          11   90036 € ‚ ‚         9318 102.0       291     3  75.0  45.0    0.     0 0      96.0  31.0    24.0     7.0
--------------------------------------------------------------------------------------------------------------------------------
 ƒ "¨­ααβΰ®©"                                                                        „ ”› 593952
                                           ‘‚…„…
                                   €‘•„… ’‹‚€  ‡€ „…€       2020  ƒ„
62014                                      „€’€ ‘—…’€ 10/03/21                                 ‹‘’   5

--------------------------------------------------------------------------------------------------------------------------------
:    :- :“’…‚‰ ‹‘’ :    ‚  „  ’ … ‹     :…ƒ: ƒ“‡-:‹-:‘’€-: ‹“—…  :‚‡‚€™… :‘’€-:   € ‘ •  „  ::
:„€’€:… :-------------------------------------:      :       :—…‘’-: ’ : ‹ (“) : ‹ (“) : ’ :---------------: +:
:    :‚…„.:… :… :                 : ’€.:    : ’: ‚  :  :-----------:-----------:  :     : ”€’  :……-:
:    :    :€— :„“- :  ”€‹ ..   :…:      :       :…‡„:‚›…‡-:   :   :   :   :‚‡- : … : /‹ :€‘- :
:    :    :      :…’€ :                 :     :      :  ’  :     : „…  : /‹ :‚…„: /‹ :‚…„:‚€’…:       :       :•„ -:
--------------------------------------------------------------------------------------------------------------------------------
28.12          11   90037 € ‚ ‚         9318 96.0        361     3  96.0  30.0    0.     0 0      97.0  29.2    29.0     0.2
29.12          11   90084 € ‚ ‚         9318 96.0        310     3  97.0  60.0    0.     0 0     128.0  29.2    29.0     0.2
30.12          11   90085 € ‚ ‚         9318 134.0       363     4 128.0  45.0    0.     0 0     123.0  40.7    50.0    -9.3
31.12     1               € ‚ ‚         9318 0.0           0         0.0   0.0  935.     0 0       0.0   0.0     0.0     0.0
‘  1 31 ƒ€€†.…  11789 „ € 330599    2920.0     8442    87  75.0 935.0  935. 0     0     123.0 879.9   887.0    -7.1
ƒ‘“„€‘’‚…›‰ O… AM9776-7
01.12           2   89849 ‹€“–‰ ”       8664 150.0         0    26 119.0  60.0    0.     0 0     128.0  51.0    51.0     0.0
03.12           2   89873 ‹€“–‰ ”       8664 147.0         0     2 128.0  50.0    0.     0 0     134.0  44.1    44.0     0.1
23.12           9   90066 €—‹ € €        9024 142.0       145     2 134.0  31.0    0.     0 0     122.0  42.6    43.0    -0.4
24.12          12   90077 €—‹ € €        9024 130.0        81     2 122.0  80.0    0.     0 0     163.0  39.1    39.0     0.1
25.12          12   90083 €—‹ € €        9024 178.0       241     2 163.0   0.0    0.     0 0     111.0  51.8    52.0    -0.2
26.12          12   90101 €—‹ € €        9024 170.0       395     2 111.0  90.0    0.     0 0     151.0  49.5    50.0    -0.5
27.12          12   90103 €—‹ € €        9024 120.0        90     1 151.0  50.0    0.     0 0     166.0  34.3    35.0    -0.7
28.12          12   90080 €—‹ € €        9024 202.0       381     3 166.0  60.0    0.     0 0     165.0  60.7    61.0    -0.3
29.12          12   90109 €—‹ € €        9024 86.0         55     1 165.0  50.0    0.     0 0     190.0  25.8    25.0     0.8
31.12     1               ‹€“–‰ ”       8664 0.0           0         0.0   0.0  110.     0 0       0.0   0.0     0.0     0.0
31.12     1               €—‹ € €        9024 0.0           0         0.0   0.0  361.     0 0       0.0   0.0     0.0     0.0
‘  1 31 ƒ€€†.…  11801 „ € 330599    1325.0     1388    41 119.0 471.0  471. 0     0     190.0 398.9   400.0    -1.1
ƒ‘“„€‘’‚…›‰ O… AM9778-7
‚ ’ —‘‹…  ‚„’…‹
                          ‹€“–‰ ”       8664 297.0         0             110.0           0              95.1  95.0       0.1
                          €—‹ € €        9024 1028.0     1387             361.0           0             303.8  305.0     -1.2
02.12           1   89861 ‹•’… ‹.‹.   32212 116.0       381     4 174.0  40.0    0.     0 0     179.0  35.4    35.0     0.4
03.12           2   89874 ‹•’… ‹.‹.   32212 150.0         0     3 179.0   0.0    0.     0 0     133.0  45.2    46.0    -0.8
04.12           2   89889 ‹•’… ‹.‹.   32212 150.0         0     2 133.0   0.0    0.     0 0      88.0  45.0    45.0     0.0
07.12           1   89899 ‹•’… ‹.‹.   32212 70.0        175     2  88.0 100.0    0.     0 0     167.0  21.3    21.0     0.3
09.12           4   89941 ‹•’… ‹.‹.   32212 54.0        107     1 167.0   0.0    0.     0 0     151.0  16.3    16.0     0.3
11.12           4   89967 ‹•’… ‹.‹.   32212 70.0        185     2 151.0   0.0    0.     0 0     130.0  21.3    21.0     0.3
14.12           2   89982 ‹•’… ‹.‹.   32212 148.0         0    12 130.0  90.0    0.     0 0     173.0  46.9    47.0    -0.1
16.12           5   89963 ‹•’… ‹.‹.   32212 118.0       368     4 173.0   0.0    0.     0 0     137.0  36.0    36.0     0.0
17.12           7   89923 ‹•’… ‹.‹.   32212 150.0         0     4 137.0   0.0    0.     0 0      91.0  45.5    46.0    -0.5
18.12           7   90011 ‹•’… ‹.‹.   32212 148.0         0     4  91.0 100.0    0.     0 0     145.0  44.9    46.0    -1.1
21.12           8   90044 ‹•’… ‹.‹.   32212 84.0        192     2 145.0   0.0    0.     0 0     120.0  25.4    25.0     0.4
23.12          11   90065 ‹•’… ‹.‹.   32212 110.0       329     4 120.0   0.0    0.     0 0      86.0  33.6    34.0    -0.4
28.12          11   90089 ‹•’… ‹.‹.   32212 96.0        237     3  86.0 100.0    0.     0 0     157.0  29.2    29.0     0.2
30.12          11   90120 ‹•’… ‹.‹.   32212 26.0         20     1 157.0   0.0    0.     0 0     149.0   8.0     8.0     0.0
31.12     1               ‹•’… ‹.‹.   32212 0.0           0         0.0   0.0  430.     0 0       0.0   0.0     0.0     0.0
‘  2 31 ƒ€€†.…  11819 „ € 330602    1490.0     1994    48 174.0 430.0  430. 0     0     149.0 454.0   455.0    -1.0
ƒ‘“„€‘’‚…›‰ O… €H3129-7
24.12          10   90072 €’›‚ ‚..    19061 187.0         0     5 138.0 150.0    0.     0 0     208.0  84.9    80.0     4.9
28.12          10   90093 €’›‚ ‚..    19061 204.0         0     6 208.0 100.0    0.     0 0     215.0  92.9    93.0    -0.1
31.12     1               €’›‚ ‚..    19061 0.0           0         0.0   0.0  250.     0 0       0.0   0.0     0.0     0.0
‘ 24 31 ƒ€€†.…  12246 „ € 330600    391.0         0    11 138.0 250.0  250. 0     0     215.0 177.8   173.0     4.8
ƒ‘“„€‘’‚…›‰ O… €I1335-7
09.12           7   89948 ‘–€ .€.       1904 148.0         0    14 168.0 150.0    0.     0 0     248.0  71.0    70.0     1.0
11.12           7   89973 ‘–€ .€.       1904 284.0         0     3 248.0 150.0    0.     0 0     268.0 130.3   130.0     0.3
31.12     1               ‘–€ .€.       1904 0.0           0         0.0   0.0  300.     0 0       0.0   0.0     0.0     0.0
‘  9 31 ƒ€€†.…  12271 „ € 330601    432.0         0    17 168.0 300.0  300. 0     0     268.0 201.3   200.0     1.3
ƒ‘“„€‘’‚…›‰ O… AP0194-7
17.12          10   90006 —“€‚ B.B.     36188 11.0          0     1 247.0   0.0    0.     0 0     242.0   4.8     5.0    -0.2
‘ 17 17 ƒ€€†.…  12289 „ € 330600    11.0          0     1 247.0 0.0      0. 0     0     242.0   4.8     5.0    -0.2
ƒ‘“„€‘’‚…›‰ O… €3459-7
01.12           2   89859 €‡€— ‚ €     5970 11.0          0     1 175.0   0.0    0.     0 0     170.0   5.4     5.0     0.4
‘  1  1 ƒ€€†.…  12319 „ € 330605    11.0          0     1 175.0 0.0      0. 0     0     170.0   5.4     5.0     0.4
--------------------------------------------------------------------------------------------------------------------------------
 ƒ "¨­ααβΰ®©"                                                                        „ ”› 593952
                                           ‘‚…„…
                                   €‘•„… ’‹‚€  ‡€ „…€       2020  ƒ„
62014                                      „€’€ ‘—…’€ 10/03/21                                 ‹‘’   6

--------------------------------------------------------------------------------------------------------------------------------
:    :- :“’…‚‰ ‹‘’ :    ‚  „  ’ … ‹     :…ƒ: ƒ“‡-:‹-:‘’€-: ‹“—…  :‚‡‚€™… :‘’€-:   € ‘ •  „  ::
:„€’€:… :-------------------------------------:      :       :—…‘’-: ’ : ‹ (“) : ‹ (“) : ’ :---------------: +:
:    :‚…„.:… :… :                 : ’€.:    : ’: ‚  :  :-----------:-----------:  :     : ”€’  :……-:
:    :    :€— :„“- :  ”€‹ ..   :…:      :       :…‡„:‚›…‡-:   :   :   :   :‚‡- : … : /‹ :€‘- :
:    :    :      :…’€ :                 :     :      :  ’  :     : „…  : /‹ :‚…„: /‹ :‚…„:‚€’…:       :       :•„ -:
--------------------------------------------------------------------------------------------------------------------------------
ƒ‘“„€‘’‚…›‰ O… €C1817-7
01.12           6   89850 ‚€         13470 315.0      4848     4 175.0 140.0    0.     0 0     171.0 139.6   144.0    -4.4
02.12           6   89863 ‚€         13470 315.0      4586     4 171.0 200.0    0.     0 0     226.0 139.6   145.0    -5.4
03.12           6   89876 ‚€         13470 315.0      4685     4 226.0 150.0    0.     0 0     231.0 139.6   145.0    -5.4
04.12           6   89887 ‚€         13470 315.0      4826     4 231.0 150.0    0.     0 0     260.0 139.6   121.0    18.6
31.12     1               ‚€         13470 0.0           0         0.0   0.0  640.     0 0       0.0   0.0     0.0     0.0
‘  1 31 ƒ€€†.…  12327 „ € 330605    1260.0    18945    16 175.0 640.0  640. 0     0     260.0 558.4   555.0     3.4
ƒ‘“„€‘’‚…›‰ O… €C1818-7
07.12           7   89928 €‘‚‘‰ ‹.E.   9921 179.0         0    25 298.0   0.0    0.     0 0     195.0 103.4   103.0     0.4
08.12           7   89929 €‘‚‘‰ ‹.E.   9921 178.0         0    24 195.0   0.0    0.     0 0      93.0 101.9   102.0    -0.1
11.12           2   89974 €‘‚‘‰ ‹.E.   9921 149.0         0    20  93.0 200.0    0.     0 0     208.0  85.2    85.0     0.2
18.12           7   90049 €‘‚‘‰ ‹.E.   9921 178.0         0    23 208.0   0.0    0.     0 0     107.0 100.9   101.0    -0.1
23.12          10   90060 €‘‚‘‰ ‹.E.   9921 21.0          0     1 107.0   0.0    0.     0 0      98.0   8.5     9.0    -0.5
28.12          10   90099 €‘‚‘‰ ‹.E.   9921 178.0         0    21  98.0 200.0    0.     0 0     200.0  98.9    98.0     0.9
29.12          10   90100 €‘‚‘‰ ‹.E.   9921 179.0         0    22 200.0   0.0    0.     0 0      99.0 100.4   101.0    -0.6
30.12          10   90104 €‘‚‘‰ ‹.E.   9921 178.0         0    21  99.0 180.0    0.     0 0     181.0  98.9    98.0     0.9
31.12     1    10   90115 €‘‚‘‰ ‹.E.   9921 177.0         0    20 181.0   0.0  580.     0 0      83.0  97.5    98.0    -0.5
‘  7 31 ƒ€€†.…  12335 „ € 330606    1417.0        0   177 298.0 580.0  580. 0     0      83.0 795.6   795.0     0.6
ƒ‘“„€‘’‚…›‰ O… €C3419-7
16.12           7   89995 €“”… B.B.   5673 179.0         0    20 259.0 120.0    0.     0 0     281.0  98.4    98.0     0.4
17.12           7   89998 €“”… B.B.   5673 179.0         0    20 281.0   0.0    0.     0 0     183.0  98.4    98.0     0.4
18.12           7   90015 €“”… B.B.   5673 179.0         0    21 183.0 100.0    0.     0 0     184.0  99.4    99.0     0.4
23.12          10   90059 €“”… B.B.   5673 21.0          0     1 184.0   0.0    0.     0 0     174.0   8.5    10.0    -1.5
28.12          10   90096 €“”… B.B.   5673 179.0         0    20 174.0 200.0    0.     0 0     276.0  98.4    98.0     0.4
29.12          10   90111 €“”… B.B.   5673 179.0         0    21 276.0   0.0    0.     0 0     178.0  99.4    98.0     1.4
30.12          10   90113 €“”… B.B.   5673 179.0         0    20 178.0 150.0    0.     0 0     228.0  98.4   100.0    -1.6
31.12     1               €“”… B.B.   5673 0.0           0         0.0   0.0  570.     0 0       0.0   0.0     0.0     0.0
‘ 16 31 ƒ€€†.…  12343 „ € 330606    1095.0        0   123 259.0 570.0  570. 0     0     228.0 600.9   601.0    -0.1
ƒ‘“„€‘’‚…›‰ O… €C3420-7
28.12          10   90094 ‘‹€ .C.       3565 204.0         0     6 277.0 120.0    0.     0 0     297.0  99.5   100.0    -0.5
29.12          10   90108 ‘‹€ .C.       3565 158.0         0     8 297.0  70.0    0.     0 0     287.0  78.7    80.0    -1.3
31.12     1               ‘‹€ .C.       3565 0.0           0         0.0   0.0  190.     0 0       0.0   0.0     0.0     0.0
‘ 28 31 ƒ€€†.…  12350 „ € 330610    362.0         0    14 277.0 190.0  190. 0     0     287.0 178.2   180.0    -1.8
ƒ‘“„€‘’‚…›‰ O… €T0777-7
23.12          10   90069  ‘..        1457 149.0         0       164.0   0.0    0.     0 0      88.0  76.6    76.0     0.6
24.12          12   90082  ‘..        1457 62.0        346        88.0 150.0    0.     0 0     199.0  36.9    39.0    -2.1
26.12          12   90102  ‘..        1457 92.0        538       199.0   0.0    0.     0 0     150.0  48.8    49.0    -0.2
29.12          12   90112  ‘..        1457 210.0      1670       150.0 150.0    0.     0 0     182.0 118.8   118.0     0.8
30.12          12   90118  ‘..        1457 148.0      1075       182.0   0.0    0.     0 0     100.0  82.2    82.0     0.2
31.12     1                ‘..        1457 0.0           0         0.0   0.0  300.     0 0       0.0   0.0     0.0     0.0
‘ 23 31 ƒ€€†.…  13064 „ € 340502    661.0      3629       164.0 300.0  300. 0     0     100.0 363.3   364.0    -0.7
ƒ‘“„€‘’‚…›‰ O… AC1659-7
03.12           3   89879 €“ B.M.     9075 164.0      1074         5.0 150.0    0.     0 0      70.0  83.4    85.0    -1.6
04.12           3   89884 €“ B.M.     9075 152.0      1114        70.0 150.0    0.     0 0     135.0  84.4    85.0    -0.6
07.12           2   89895 €“ B.M.     9075 174.0         0       135.0   0.0    0.     0 0      49.0  86.4    86.0     0.4
08.12           2   89933 €“ B.M.     9075 167.0         0        49.0 150.0    0.     0 0     115.0  83.7    84.0    -0.3
09.12           2   89943 €“ B.M.     9075 178.0         0       115.0 150.0    0.     0 0     177.0  88.0    88.0     0.0
10.12           2   89957 €“ B.M.     9075 164.0         0       177.0   0.0    0.     0 0      96.0  81.3    81.0     0.3
11.12           2   89972 €“ B.M.     9075 179.0         0        96.0 150.0    0.     0 0     155.0  88.4    91.0    -2.6
12.12           3   89914 €“ B.M.     9075 138.0       734       155.0   0.0    0.     0 0      90.0  62.5    65.0    -2.5
14.12           7   89983 €“ B.M.     9075 187.0         0        90.0 150.0    0.     0 0     148.0  91.5    92.0    -0.5
15.12           7   89915 €“ B.M.     9075 179.0         0       148.0   0.0    0.     0 0      60.0  88.4    88.0     0.4
16.12           7   89990 €“ B.M.     9075 179.0         0        60.0 150.0    0.     0 0     122.0  88.4    88.0     0.4
17.12           9   90001 €“ B.M.     9075 88.0        437       122.0   0.0    0.     0 0      77.0  44.7    45.0    -0.3
--------------------------------------------------------------------------------------------------------------------------------
 ƒ "¨­ααβΰ®©"                                                                        „ ”› 593952
                                           ‘‚…„…
                                   €‘•„… ’‹‚€  ‡€ „…€       2020  ƒ„
62014                                      „€’€ ‘—…’€ 10/03/21                                 ‹‘’   7

--------------------------------------------------------------------------------------------------------------------------------
:    :- :“’…‚‰ ‹‘’ :    ‚  „  ’ … ‹     :…ƒ: ƒ“‡-:‹-:‘’€-: ‹“—…  :‚‡‚€™… :‘’€-:   € ‘ •  „  ::
:„€’€:… :-------------------------------------:      :       :—…‘’-: ’ : ‹ (“) : ‹ (“) : ’ :---------------: +:
:    :‚…„.:… :… :                 : ’€.:    : ’: ‚  :  :-----------:-----------:  :     : ”€’  :……-:
:    :    :€— :„“- :  ”€‹ ..   :…:      :       :…‡„:‚›…‡-:   :   :   :   :‚‡- : … : /‹ :€‘- :
:    :    :      :…’€ :                 :     :      :  ’  :     : „…  : /‹ :‚…„: /‹ :‚…„:‚€’…:       :       :•„ -:
--------------------------------------------------------------------------------------------------------------------------------
18.12           7   90010 €“ B.M.     9075 164.0         0        77.0 140.0    0.     0 0     135.0  81.6    82.0    -0.4
19.12           7   90040 €“ B.M.     9075 171.0         0       135.0   0.0    0.     0 0      50.0  85.3    85.0     0.3
21.12           7   90017 €“ B.M.     9075 178.0         0        50.0 150.0    0.     0 0     113.0  87.1    87.0     0.1
22.12          10   90051 €“ B.M.     9075 172.0         0       113.0 150.0    0.     0 0     180.0  85.6    83.0     2.6
28.12          12   90092 €“ B.M.     9075 98.0        578       180.0   0.0    0.     0 0     114.0  67.1    66.0     1.1
29.12          10   90107 €“ B.M.     9075 172.0         0       114.0 150.0    0.     0 0     180.0  84.4    84.0     0.4
30.12          10   90117 €“ B.M.     9075 168.0         0       180.0   0.0    0.     0 0      97.0  83.2    83.0     0.2
31.12     1               €“ B.M.     9075 0.0           0         0.0   0.0 1640.     0 0       0.0   0.0     0.0     0.0
‘  3 31 ƒ€€†.…  13072 „ € 340502    3072.0     3937         5.0 1640. 1640. 0     0      97.0 1545.4 1548.0    -2.6
ƒ‘“„€‘’‚…›‰ O… AC1994-7
01.12         900   89844 ‘’›ƒ€ ..         25 26.0          0        45.0   0.0    0.     0 0      33.0  11.7    12.0    -0.3
02.12         900   89865 ‘’›ƒ€ ..         25 24.0          0        33.0 100.0    0.     0 0     122.0  10.8    11.0    -0.2
03.12         900   89870 ‘’›ƒ€ ..         25 0.0           0       122.0   0.0    0.     0 0     122.0   0.0     0.0     0.0
04.12         900   89881 ‘’›ƒ€ ..         25 42.0          0       122.0   0.0    0.     0 0     105.0  18.8    17.0     1.8
07.12         900   89893 ‘’›ƒ€ ..         25 27.0          0       105.0   0.0    0.     0 0      93.0  12.1    12.0     0.1
08.12         900   89937 ‘’›ƒ€ ..         25 38.0          0        93.0   0.0    0.     0 0      76.0  17.0    17.0     0.0
09.12         900   89947 ‘’›ƒ€ ..         25 18.0          0        76.0   0.0    0.     0 0      68.0   8.1     8.0     0.1
10.12         900   89960 ‘’›ƒ€ ..         25 0.0           0        68.0   0.0    0.     0 0      68.0   0.0     0.0     0.0
11.12         900   89976 ‘’›ƒ€ ..         25 0.0           0        68.0   0.0    0.     0 0      68.0   0.0     0.0     0.0
14.12         900   89987 ‘’›ƒ€ ..         25 34.0          0        68.0   0.0    0.     0 0      53.0  15.2    15.0     0.2
15.12         900   89927 ‘’›ƒ€ ..         25 46.0          0        53.0   0.0    0.     0 0      33.0  20.6    20.0     0.6
16.12         901   89935 ‘’›ƒ€ ..         25 26.0          0        33.0   0.0    0.     0 0      22.0  11.7    11.0     0.7
17.12         901   89997 ‘’›ƒ€ ..         25 17.0          0        22.0   0.0    0.     0 0      15.0   7.6     7.0     0.6
18.12         901   90008 ‘’›ƒ€ ..         25 0.0           0        15.0   0.0    0.     0 0      15.0   0.0     0.0     0.0
21.12         901   90042 ‘’›ƒ€ ..         25 39.0          0        15.0 100.0    0.     0 0      98.0  17.5    17.0     0.5
22.12         901   90019 ‘’›ƒ€ ..         25 63.0          0        98.0   0.0    0.     0 0      70.0  28.3    28.0     0.3
23.12         901   90058 ‘’›ƒ€ ..         25 29.0          0        70.0   0.0    0.     0 0      57.0  13.0    13.0     0.0
24.12         901   90071 ‘’›ƒ€ ..         25 25.0          0        57.0   0.0    0.     0 0      46.0  11.2    11.0     0.2
28.12         901   90098 ‘’›ƒ€ ..         25 27.0          0        46.0   0.0    0.     0 0      34.0  12.1    12.0     0.1
31.12     1               ‘’›ƒ€ ..         25 0.0           0         0.0   0.0  200.     0 0       0.0   0.0     0.0     0.0
‘  1 31 ƒ€€†.…  14915 „ € 361526    481.0         0        45.0 200.0  200. 0     0      34.0 215.7   211.0     4.7
ƒ‘“„€‘’‚…›‰ O… ‘ 22-61
’ƒ  ‹…
…‡ €-92                                         2680                      315.          0                         318.
                                                                0                   315.0    0                321.      3.5
…‡ €-95                                          875                      110.          0                         107.
                                                                0                   110.0    0                107.      0.4
„‡’‹‚                                          34348          812       13133.          0                       12724.
                                                           112781                 13133.0    0              12717.      -6.1
                                „‡’‹‚
’ƒ  €
…‡ €-92                                     2680.0                    315.0       0                           318.0
                                                                0                315.00      0            321.5         3.5
…‡ €-95                                     875.0                     110.0       0                           107.3
                                                                0                110.00      0            107.7         0.4
„‡’‹‚                                       34348.0           812     13133.0     0                           12724.0
                                                           112781                13133.00    0            12717.9       -6.1
