 ƒ "¨­ααβΰ®©"                                                                        „ ”› 593952
                                           ‘‚…„…
                                   €‘•„… ’‹‚€  ‡€ ”…‚€‹       2021  ƒ„
62014                                      „€’€ ‘—…’€ 09/03/21                                 ‹‘’   1

--------------------------------------------------------------------------------------------------------------------------------
:    :- :“’…‚‰ ‹‘’ :    ‚  „  ’ … ‹     :…ƒ: ƒ“‡-:‹-:‘’€-: ‹“—…  :‚‡‚€™… :‘’€-:   € ‘ •  „  ::
:„€’€:… :-------------------------------------:      :       :—…‘’-: ’ : ‹ (“) : ‹ (“) : ’ :---------------: +:
:    :‚…„.:… :… :                 : ’€.:    : ’: ‚  :  :-----------:-----------:  :     : ”€’  :……-:
:    :    :€— :„“- :  ”€‹ ..   :…:      :       :…‡„:‚›…‡-:   :   :   :   :‚‡- : … : /‹ :€‘- :
:    :    :      :…’€ :                 :     :      :  ’  :     : „…  : /‹ :‚…„: /‹ :‚…„:‚€’…:       :       :•„ -:
--------------------------------------------------------------------------------------------------------------------------------
                                …‡ €-92
01.02         900   90337 ƒ…€ ‚ ‘        9253 76.0          0        25.0   0.0    0.     0 0      15.0  10.4    10.0     0.4
02.02         900   90350 ƒ…€ ‚ ‘        9253 82.0          0        15.0   0.0    0.     0 0       4.0  11.2    11.0     0.2
03.02         900   90366 ƒ…€ ‚ ‘        9253 70.0          0         4.0  30.0    0.     0 0      24.0   9.5    10.0    -0.5
04.02         900   90377 ƒ…€ ‚ ‘        9253 69.0          0        24.0   0.0    0.     0 0      15.0   9.4     9.0     0.4
08.02         900   90388 ƒ…€ ‚ ‘        9253 79.0          0        15.0   0.0    0.     0 0       4.0  10.8    11.0    -0.2
09.02         900   90418 ƒ…€ ‚ ‘        9253 50.0          0         4.0  11.0    0.     0 0       8.0   6.8     7.0    -0.2
10.02         900   90434 ƒ…€ ‚ ‘        9253 50.0          0         8.0   0.0    0.     0 0       1.0   6.8     7.0    -0.2
11.02         900   90443 ƒ…€ ‚ ‘        9253 98.0          0         1.0  60.0    0.     0 0      49.0  13.4    12.0     1.4
15.02         900   90474 ƒ…€ ‚ ‘        9253 72.0          0        49.0   0.0    0.     0 0      38.0   9.8    11.0    -1.2
16.02         900   90501 ƒ…€ ‚ ‘        9253 85.0          0        38.0   0.0    0.     0 0      26.0  11.6    12.0    -0.4
17.02         900   90520 ƒ…€ ‚ ‘        9253 87.0          0        26.0  10.0    0.     0 0      24.0  11.9    12.0    -0.1
18.02         900   90531 ƒ…€ ‚ ‘        9253 68.0          0        24.0   0.0    0.     0 0      15.0   9.3     9.0     0.3
22.02         900   90559 ƒ…€ ‚ ‘        9253 79.0          0        15.0   0.0    0.     0 0       5.0  10.8    10.0     0.8
23.02         900   90552 ƒ…€ ‚ ‘        9253 70.0          0         5.0  10.0    0.     0 0       7.0   9.5     8.0     1.5
24.02         900   90588 ƒ…€ ‚ ‘        9253 69.0          0         7.0   0.0    0.     0 0       1.0   9.4     6.0     3.4
25.02         900   90595 ƒ…€ ‚ ‘        9253 99.0          0         1.0  14.0    0.     0 0       2.0  13.5    13.0     0.5
28.02     2               ƒ…€ ‚ ‘        9253 0.0           0         0.0   0.0    0.     0 0       0.0   0.0     0.0     0.0
‘  1 28 ƒ€€†.…  10049 „ € 220030    1203.0        0        25.0 135.0    0. 0     0       2.0 164.1   158.0     6.1
ƒ‘“„€‘’‚…›‰ O… €€6622-7
01.02         900  600801 €‹…•‚— € €    20017 700.0         0        50.0  60.0    0.     0 0      40.0  70.0    70.0     0.0
15.02         900  600805 €‹…•‚— € €    20017 510.0         0        40.0  65.0    0.     0 0      54.0  51.0    51.0     0.0
28.02     2               €‹…•‚— € €    20017 0.0           0         0.0   0.0    0.     0 0       0.0   0.0     0.0     0.0
‘  1 28 ƒ€€†.…  11118 „ € 113080    1210.0        0        50.0 125.0    0. 0     0      54.0 121.0   121.0     0.0
ƒ‘“„€‘’‚…›‰ O… 80-28€…7
                                …‡ €-95
01.02         911  600802 ’‚ €.….     20525 378.0         0        12.0  40.0    0.     0 0       5.7  46.5    46.3     0.2
15.02         911  600804 ’‚ €.….     20525 400.0         0         5.7  59.0    0.     0 0      15.6  49.2    49.1     0.1
28.02     3               ’‚ €.….     20525 0.0           0         0.0   0.0   99.     0 0       0.0   0.0     0.0     0.0
‘  1 28 ƒ€€†.…  10014 „ € 113001    778.0         0        12.0 99.0    99. 0     0      15.6  95.7    95.4     0.3
ƒ‘“„€‘’‚…›‰ O… 0014II-7
                                „‡’‹‚
03.02           4   90360 €‹ A.B.          27 96.0       1001       444.0   0.0    0.     0 0     408.0  42.7    36.0     6.7
10.02          10   90436 €‹ A.B.          27 119.0      1228       408.0 210.0    0.     0 0     560.0  52.7    58.0    -5.3
11.02          10   90257 €‹ A.B.          27 96.0       1027       560.0   0.0    0.     0 0     522.0  43.0    38.0     5.0
18.02          10   90533 €‹ A.B.          27 210.0      1951       522.0   0.0    0.     0 0     432.0  88.1    90.0    -1.9
19.02          10   90576 €‹ A.B.          27 96.0       1029       432.0   0.0    0.     0 0     389.0  43.0    43.0     0.0
23.02          12   90586 €‹ A.B.          27 96.0       1029       389.0   0.0    0.     0 0     349.0  43.0    40.0     3.0
24.02          12   90580 €‹ A.B.          27 96.0       1029       349.0   0.0    0.     0 0     299.0  43.0    50.0    -7.0
25.02          12   90600 €‹ A.B.          27 96.0        726       299.0 150.0    0.     0 0     410.0  39.4    39.0     0.4
26.02          12   90619 €‹ A.B.          27 395.0      4910       410.0   0.0    0.     0 0     235.0 175.0   175.0     0.0
28.02     1               €‹ A.B.          27 0.0           0         0.0   0.0  360.     0 0       0.0   0.0     0.0     0.0
‘  3 28 ƒ€€†.…  10332 „ € 322773    1300.0    13930       444.0 360.0  360. 0     0     235.0 569.9   569.0     0.9
ƒ‘“„€‘’‚…›‰ O… KM 2290
01.02           2   90334 €‚ H.C.        5398 179.0         0       304.0   0.0    0.     0 0     242.0  62.8    62.0     0.8
02.02           2   90348 €‚ H.C.        5398 178.0         0       242.0 200.0    0.     0 0     380.0  62.4    62.0     0.4
03.02           2   90364 €‚ H.C.        5398 175.0         0       380.0   0.0    0.     0 0     315.0  61.4    65.0    -3.6
04.02           2   90375 €‚ H.C.        5398 159.0         0       315.0 150.0    0.     0 0     409.0  55.8    56.0    -0.2
05.02           2   90386 €‚ H.C.        5398 149.0         0       409.0   0.0    0.     0 0     358.0  52.3    51.0     1.3
08.02           2   90402 €‚ H.C.        5398 165.0         0       358.0  50.0    0.     0 0     350.0  57.9    58.0    -0.1
09.02           2   90417 €‚ H.C.        5398 167.0         0       350.0   0.0    0.     0 0     292.0  58.6    58.0     0.6
10.02           3   90431 €‚ H.C.        5398 165.0         0       292.0   0.0    0.     0 0     234.0  57.9    58.0    -0.1
11.02           3   90441 €‚ H.C.        5398 164.0         0       234.0   0.0    0.     0 0     177.0  57.5    57.0     0.5
--------------------------------------------------------------------------------------------------------------------------------
 ƒ "¨­ααβΰ®©"                                                                        „ ”› 593952
                                           ‘‚…„…
                                   €‘•„… ’‹‚€  ‡€ ”…‚€‹       2021  ƒ„
62014                                      „€’€ ‘—…’€ 09/03/21                                 ‹‘’   2

--------------------------------------------------------------------------------------------------------------------------------
:    :- :“’…‚‰ ‹‘’ :    ‚  „  ’ … ‹     :…ƒ: ƒ“‡-:‹-:‘’€-: ‹“—…  :‚‡‚€™… :‘’€-:   € ‘ •  „  ::
:„€’€:… :-------------------------------------:      :       :—…‘’-: ’ : ‹ (“) : ‹ (“) : ’ :---------------: +:
:    :‚…„.:… :… :                 : ’€.:    : ’: ‚  :  :-----------:-----------:  :     : ”€’  :……-:
:    :    :€— :„“- :  ”€‹ ..   :…:      :       :…‡„:‚›…‡-:   :   :   :   :‚‡- : … : /‹ :€‘- :
:    :    :      :…’€ :                 :     :      :  ’  :     : „…  : /‹ :‚…„: /‹ :‚…„:‚€’…:       :       :•„ -:
--------------------------------------------------------------------------------------------------------------------------------
12.02           3   90453 €‚ H.C.        5398 149.0         0       177.0 100.0    0.     0 0     225.0  52.3    52.0     0.3
15.02           3   90470 €‚ H.C.        5398 154.0         0       225.0   0.0    0.     0 0     171.0  54.0    54.0     0.0
16.02           9   90505 €‚ H.C.        5398 148.0         0       171.0 110.0    0.     0 0     229.0  51.9    52.0    -0.1
17.02           9   90518 €‚ H.C.        5398 179.0         0       229.0   0.0    0.     0 0     166.0  62.8    63.0    -0.2
18.02           9   90526 €‚ H.C.        5398 151.0         0       166.0   0.0    0.     0 0     113.0  53.0    53.0     0.0
23.02           9   90581 €‚ H.C.        5398 179.0         0       113.0  35.0    0.     0 0      85.0  62.8    63.0    -0.2
24.02          14   90590 €‚ H.C.        5398 177.0         0        85.0   8.0    0.     0 0      31.0  62.1    62.0     0.1
25.02          14   90597 €‚ H.C.        5398 169.0         0        31.0 116.0    0.     0 0      87.0  59.3    60.0    -0.7
26.02          14   90602 €‚ H.C.        5398 178.0         0        87.0 123.0    0.     0 0     149.0  62.4    61.0     1.4
28.02     1               €‚ H.C.        5398 0.0           0         0.0   0.0  892.     0 0       0.0   0.0     0.0     0.0
‘  1 28 ƒ€€†.…  10367 „ € 322773    2985.0        0       304.0 892.0  892. 0     0     149.0 1047.2 1047.0     0.2
ƒ‘“„€‘’‚…›‰ O… KI 0839
03.02           4   90359 “‹…         4227 395.0      4360       519.0 150.0    0.     0 0     497.0 171.4   172.0    -0.6
09.02           4   90371 “‹…         4227 35.0          0       497.0   0.0    0.     0 0     486.0  10.2    11.0    -0.8
15.02           9   90476 “‹…         4227 208.0         0       486.0   0.0    0.     0 0     412.0  75.1    74.0     1.1
28.02     1               “‹…         4227 0.0           0         0.0   0.0  150.     0 0       0.0   0.0     0.0     0.0
‘  3 28 ƒ€€†.…  10987 „ € 322780    638.0      4360       519.0 150.0  150. 0     0     412.0 256.7   257.0    -0.3
ƒ‘“„€‘’‚…›‰ O… … 0098
01.02           5   90326 …— A.C.      30661 48.0         85     1  95.0  80.0    0.     0 0     160.0  14.5    15.0    -0.5
03.02           5   90355 …— A.C.      30661 40.0         68     1 160.0   0.0    0.     0 0     148.0  12.1    12.0     0.1
05.02           5   90382 …— A.C.      30661 108.0       298     3 148.0  60.0    0.     0 0     175.0  32.8    33.0    -0.2
08.02           5   90395 …— A.C.      30661 64.0        153     2 175.0   0.0    0.     0 0     155.0  19.5    20.0    -0.5
28.02     1               …— A.C.      30661 0.0           0         0.0   0.0  140.     0 0       0.0   0.0     0.0     0.0
‘  1 28 ƒ€€†.…  11606 „ € 330599    260.0       604     7  95.0 140.0  140. 0     0     155.0  78.9    80.0    -1.1
ƒ‘“„€‘’‚…›‰ O… €‚5980-7
01.02           2   90332 ‹‚— ‹.€.    30718 165.0         0     3 142.0 100.0    0.     0 0     194.0  49.7    48.0     1.7
02.02           2   90349 ‹‚— ‹.€.    30718 157.0         0    10 194.0   0.0    0.     0 0     144.0  49.1    50.0    -0.9
03.02           2   90365 ‹‚— ‹.€.    30718 170.0         0     8 144.0 100.0    0.     0 0     191.0  52.4    53.0    -0.6
04.02           2   90376 ‹‚— ‹.€.    30718 156.0         0    10 191.0   0.0    0.     0 0     142.0  48.8    49.0    -0.2
05.02           2   90384 ‹‚— ‹.€.    30718 170.0         0     7 142.0  60.0    0.     0 0     149.0  52.2    53.0    -0.8
08.02           3   90404 ‹‚— ‹.€.    30718 169.0         0    12 149.0  32.0    0.     0 0     127.0  53.1    54.0    -0.9
09.02           3   90412 ‹‚— ‹.€.    30718 172.0         0    12 127.0  18.0    0.     0 0      92.0  54.0    53.0     1.0
15.02           9   90471 ‹‚— ‹.€.    30718 161.0         0     8  92.0 100.0    0.     0 0     142.0  49.8    50.0    -0.2
16.02           9   90493 ‹‚— ‹.€.    30718 151.0         0     5 142.0   0.0    0.     0 0      97.0  46.0    45.0     1.0
17.02           9   90433 ‹‚— ‹.€.    30718 160.0         0     8  97.0  30.0    0.     0 0      77.0  49.5    50.0    -0.5
18.02           9   90527 ‹‚— ‹.€.    30718 162.0         0    10  77.0  50.0    0.     0 0      77.0  50.6    50.0     0.6
19.02          10   90537 ‹‚— ‹.€.    30718 210.0       418     3  77.0  60.0    0.     0 0      74.0  63.0    63.0     0.0
20.02          10   90549 ‹‚— ‹.€.    30718 202.0       404     3  74.0  30.0    0.     0 0      64.0  60.7    40.0    20.7
22.02          13   90571 ‹‚— ‹.€.    30718 68.0        157     2  64.0  35.0    0.     0 0      79.0  20.7    20.0     0.7
24.02          14   90593 ‹‚— ‹.€.    30718 165.0         0     8  79.0   4.0    0.     0 0      32.0  50.9    51.0    -0.1
25.02          14   90599 ‹‚— ‹.€.    30718 163.0         0    12  32.0  58.0    0.     0 0      40.0  51.4    50.0     1.4
26.02          14   90604 ‹‚— ‹.€.    30718 160.0         0     6  40.0  59.0    0.     0 0      29.0  49.0    70.0   -21.0
28.02     1               ‹‚— ‹.€.    30718 0.0           0         0.0   0.0  736.     0 0       0.0   0.0     0.0     0.0
‘  1 28 ƒ€€†.…  11614 „ € 330598    2761.0      979   127 142.0 736.0  736. 0     0      29.0 850.9   849.0     1.9
ƒ‘“„€‘’‚…›‰ O… €‚5978-7
01.02           1   90327 ‘’…“‹ €..      5230 75.0        154     2 139.0   0.0    0.     0 0     119.0  22.7    20.0     2.7
03.02           1   90354 ‘’…“‹ €..      5230 72.0        193     3 119.0   0.0    0.     0 0      97.0  22.1    22.0     0.1
05.02           1   90383 ‘’…“‹ €..      5230 64.0        153     2  97.0  66.0    0.     0 0     144.0  19.5    19.0     0.5
08.02           1   90396 ‘’…“‹ €..      5230 114.0       305     4 144.0   0.0    0.     0 0     109.0  34.8    35.0    -0.2
10.02           5   90425 ‘’…“‹ €..      5230 74.0        170     2 109.0  68.0    0.     0 0     155.0  22.5    22.0     0.5
12.02           8   90450 ‘’…“‹ €..      5230 60.0        114     2 155.0   0.0    0.     0 0     137.0  18.3    18.0     0.3
15.02           8   90473 ‘’…“‹ €..      5230 60.0        114     2 137.0   0.0    0.     0 0     119.0  18.3    18.0     0.3
16.02           8   90504 ‘’…“‹ €..      5230 40.0         86     1 119.0  55.0    0.     0 0     162.0  12.1    12.0     0.1
17.02          11   90513 ‘’…“‹ €..      5230 84.0        213     2 162.0   0.0    0.     0 0     137.0  25.4    25.0     0.4
--------------------------------------------------------------------------------------------------------------------------------
 ƒ "¨­ααβΰ®©"                                                                        „ ”› 593952
                                           ‘‚…„…
                                   €‘•„… ’‹‚€  ‡€ ”…‚€‹       2021  ƒ„
62014                                      „€’€ ‘—…’€ 09/03/21                                 ‹‘’   3

--------------------------------------------------------------------------------------------------------------------------------
:    :- :“’…‚‰ ‹‘’ :    ‚  „  ’ … ‹     :…ƒ: ƒ“‡-:‹-:‘’€-: ‹“—…  :‚‡‚€™… :‘’€-:   € ‘ •  „  ::
:„€’€:… :-------------------------------------:      :       :—…‘’-: ’ : ‹ (“) : ‹ (“) : ’ :---------------: +:
:    :‚…„.:… :… :                 : ’€.:    : ’: ‚  :  :-----------:-----------:  :     : ”€’  :……-:
:    :    :€— :„“- :  ”€‹ ..   :…:      :       :…‡„:‚›…‡-:   :   :   :   :‚‡- : … : /‹ :€‘- :
:    :    :      :…’€ :                 :     :      :  ’  :     : „…  : /‹ :‚…„: /‹ :‚…„:‚€’…:       :       :•„ -:
--------------------------------------------------------------------------------------------------------------------------------
19.02          11   90535 ‘’…“‹ €..      5230 40.0         68     1 137.0   0.0    0.     0 0     125.0  12.1    12.0     0.1
22.02          11   90564 ‘’…“‹ €..      5230 60.0        125     2 125.0  29.0    0.     0 0     136.0  18.3    18.0     0.3
24.02          13   90579 ‘’…“‹ €..      5230 56.0        125     2 136.0   0.0    0.     0 0     119.0  17.1    17.0     0.1
26.02          13   90611 ‘’…“‹ €..      5230 72.0        136     2 119.0  59.0    0.     0 0     156.0  21.9    22.0    -0.1
27.02          13   90620 ‘’…“‹ €..      5230 54.0        125     2 156.0   0.0    0.     0 0     140.0  16.5    16.0     0.5
28.02     1               ‘’…“‹ €..      5230 0.0           0         0.0   0.0  277.     0 0       0.0   0.0     0.0     0.0
‘  1 28 ƒ€€†.…  11721 „ € 330602    925.0      2081    29 139.0 277.0  277. 0     0     140.0 281.6   276.0     5.6
ƒ‘“„€‘’‚…›‰ O… €0119-7
01.02           5   90335 ‹€“–‰ ”       8664 58.0        102     1  65.0 100.0    0.     0 0     148.0  17.5    17.0     0.5
02.02           5   90353 ‹€“–‰ ”       8664 40.0         30     1 148.0   0.0    0.     0 0     136.0  12.1    12.0     0.1
04.02           5   90379 ‹€“–‰ ”       8664 80.0        234     3 136.0   0.0    0.     0 0     111.0  24.5    25.0    -0.5
15.02           8   90467 ‹€“–‰ ”       8664 86.0        217     3 111.0  60.0    0.     0 0     145.0  26.3    26.0     0.3
16.02           8   90407 ‹€“–‰ ”       8664 88.0        297     3 145.0   0.0    0.     0 0     118.0  26.9    27.0    -0.1
17.02           8   90519 ‹€“–‰ ”       8664 80.0        199     3 118.0   0.0    0.     0 0      93.0  24.5    25.0    -0.5
18.02          11   90532 ‹€“–‰ ”       8664 116.0       393     4  93.0  50.0    0.     0 0     107.0  35.4    36.0    -0.6
19.02          11   90536 ‹€“–‰ ”       8664 118.0       300     3 107.0  60.0    0.     0 0     132.0  35.8    35.0     0.8
20.02          13   90550 ‹€“–‰ ”       8664 54.0        149     2 132.0   0.0    0.     0 0     115.0  16.5    17.0    -0.5
22.02          13   90565 ‹€“–‰ ”       8664 72.0        204     3 115.0   0.0    0.     0 0      93.0  22.1    22.0     0.1
23.02          13   90583 ‹€“–‰ ”       8664 74.0        193     3  93.0  17.0    0.     0 0      87.0  22.7    23.0    -0.3
24.02          13   90594 ‹€“–‰ ”       8664 92.0        232     3  87.0   4.0    0.     0 0      63.0  28.0    28.0     0.0
25.02          13   90609 ‹€“–‰ ”       8664 108.0       229     4  63.0  58.0    0.     0 0      88.0  33.0    33.0     0.0
26.02          13   90613 ‹€“–‰ ”       8664 110.0       298     4  88.0  66.0    0.     0 0     120.0  33.6    34.0    -0.4
27.02          13   90625 ‹€“–‰ ”       8664 60.0        194     2 120.0   0.0    0.     0 0     102.0  18.3    18.0     0.3
28.02     1               ‹€“–‰ ”       8664 0.0           0         0.0   0.0  415.     0 0       0.0   0.0     0.0     0.0
‘  1 28 ƒ€€†.…  11738 „ € 330602    1236.0     3271    42  65.0 415.0  415. 0     0     102.0 377.2   378.0    -0.8
ƒ‘“„€‘’‚…›‰ O… €0118-7
01.02           2   90333 “‘‰ ‹..      9050 179.0         0        32.0  65.0    0.     0 0      65.0  32.2    32.0     0.2
02.02           3   90347 “‘‰ ‹..      9050 178.0         0        65.0   0.0    0.     0 0      33.0  32.0    32.0     0.0
03.02           2   90363 “‘‰ ‹..      9050 179.0         0        33.0  65.0    0.     0 0      65.0  32.2    33.0    -0.8
04.02           2   90374 “‘‰ ‹..      9050 179.0         0        65.0   0.0    0.     0 0      33.0  32.2    32.0     0.2
05.02           3   90385 “‘‰ ‹..      9050 178.0         0        33.0  90.0    0.     0 0      91.0  32.0    32.0     0.0
08.02           3   90401 “‘‰ ‹..      9050 179.0         0        91.0   0.0    0.     0 0      59.0  32.2    32.0     0.2
09.02           3   90422 “‘‰ ‹..      9050 178.0         0        59.0   0.0    0.     0 0      27.0  32.0    32.0     0.0
10.02           3   90432 “‘‰ ‹..      9050 179.0         0        27.0  75.0    0.     0 0      69.0  32.2    33.0    -0.8
28.02     1               …‰€ ..        4161 0.0           0         0.0   0.0  295.     0 0       0.0   0.0     0.0     0.0
‘  1 28 ƒ€€†.…  11746 „ € 310900    1429.0        0        32.0 295.0  295. 0     0      69.0 257.0   258.0    -1.0
ƒ‘“„€‘’‚…›‰ O… €0116-7
‚ ’ —‘‹…  ‚„’…‹
                          “‘‰ ‹..      9050 1429.0        0             295.0           0             257.0  258.0     -1.0
                          …‰€ ..        4161 0.0           0               0.0           0               0.0  0.0        0.0
01.02           1   90311 ‹‰ A.A.        2021 56.0        120     2 116.0 100.0    0.     0 0     199.0  17.1    17.0     0.1
02.02           1   90312 ‹‰ A.A.        2021 94.0        224     3 199.0   0.0    0.     0 0     170.0  28.6    29.0    -0.4
03.02           1   90313 ‹‰ A.A.        2021 96.0        265     4 170.0   0.0    0.     0 0     140.0  29.5    30.0    -0.5
04.02           1   90314 ‹‰ A.A.        2021 76.0        201     3 140.0   0.0    0.     0 0     117.0  23.3    23.0     0.3
05.02           1   90315 ‹‰ A.A.        2021 48.0         90     1 117.0   0.0    0.     0 0     102.0  14.5    15.0    -0.5
15.02           6   90477 —“€‚ B.B.     36188 20.0          0     1 102.0   0.0    0.     0 0      97.0   5.4     5.0     0.4
16.02           9   90508 ‘–€ .€.       1904 10.0          0     1  97.0  55.0    0.     0 0     149.0   2.8     3.0    -0.2
17.02           8   90478 ‹‰ A.A.        2021 96.0        310     4 149.0  31.0    0.     0 0     151.0  29.5    29.0     0.5
18.02           8   90479 ‹‰ A.A.        2021 132.0       375     3 151.0  50.0    0.     0 0     163.0  39.9    38.0     1.9
19.02          11   90480 ‹‰ A.A.        2021 48.0         90     1 163.0   0.0    0.     0 0     148.0  14.5    15.0    -0.5
20.02          11   90481 ‹‰ A.A.        2021 40.0         64     2 148.0   0.0    0.     0 0     136.0  12.4    12.0     0.4
22.02          11   90482 ‹‰ A.A.        2021 104.0       258     2 136.0  32.0    0.     0 0     138.0  31.4    30.0     1.4
23.02          11   90483 ‹‰ A.A.        2021 76.0        189     3 138.0   0.0    0.     0 0     115.0  23.3    23.0     0.3
24.02          13   90484 ‹‰ A.A.        2021 102.0       314     4 115.0   0.0    0.     0 0      84.0  31.3    31.0     0.3
--------------------------------------------------------------------------------------------------------------------------------
 ƒ "¨­ααβΰ®©"                                                                        „ ”› 593952
                                           ‘‚…„…
                                   €‘•„… ’‹‚€  ‡€ ”…‚€‹       2021  ƒ„
62014                                      „€’€ ‘—…’€ 09/03/21                                 ‹‘’   4

--------------------------------------------------------------------------------------------------------------------------------
:    :- :“’…‚‰ ‹‘’ :    ‚  „  ’ … ‹     :…ƒ: ƒ“‡-:‹-:‘’€-: ‹“—…  :‚‡‚€™… :‘’€-:   € ‘ •  „  ::
:„€’€:… :-------------------------------------:      :       :—…‘’-: ’ : ‹ (“) : ‹ (“) : ’ :---------------: +:
:    :‚…„.:… :… :                 : ’€.:    : ’: ‚  :  :-----------:-----------:  :     : ”€’  :……-:
:    :    :€— :„“- :  ”€‹ ..   :…:      :       :…‡„:‚›…‡-:   :   :   :   :‚‡- : … : /‹ :€‘- :
:    :    :      :…’€ :                 :     :      :  ’  :     : „…  : /‹ :‚…„: /‹ :‚…„:‚€’…:       :       :•„ -:
--------------------------------------------------------------------------------------------------------------------------------
25.02          13   90485 ‹‰ A.A.        2021 84.0        241     3  84.0  58.0    0.     0 0     117.0  25.7    25.0     0.7
26.02          13   90486 ‹‰ A.A.        2021 100.0       310     4 117.0  59.0    0.     0 0     143.0  30.7    33.0    -2.3
27.02          13   90487 ‹‰ A.A.        2021 40.0        140     2 143.0   0.0    0.     0 0     129.0  12.4    14.0    -1.6
28.02     1               ‹‰ A.A.        2021 0.0           0         0.0   0.0  385.     0 0       0.0   0.0     0.0     0.0
‘  1 28 ƒ€€†.…  11754 „ € 330599    1222.0     3191    43 116.0 385.0  385. 0     0     129.0 372.3   372.0     0.3
ƒ‘“„€‘’‚…›‰ O… €1122-7
‚ ’ —‘‹…  ‚„’…‹
                          ‹‰ A.A.        2021 1192.0     3191             330.0           0             364.1  364.0      0.1
                          —“€‚ B.B.     36188 20.0          0               0.0           0               5.4  5.0        0.4
                          ‘–€ .€.       1904 10.0          0              55.0           0               2.8  3.0       -0.2
01.02           1   90263 € ‚ ‚         9318 116.0       216     2  63.0   0.0    0.     0 0      30.0  33.1    33.0     0.1
02.02           1   90264 € ‚ ‚         9318 90.0        187     2  30.0  80.0    0.     0 0      82.0  27.2    28.0    -0.8
03.02           1   90265 € ‚ ‚         9318 90.0        223     2  82.0  90.0    0.     0 0     145.0  27.2    27.0     0.2
04.02           1   90266 € ‚ ‚         9318 96.0        331     3 145.0   0.0    0.     0 0     116.0  29.2    29.0     0.2
05.02           1   90267 € ‚ ‚         9318 66.0        183     2 116.0  66.0    0.     0 0     162.0  20.1    20.0     0.1
08.02           1   90268 € ‚ ‚         9318 48.0         90     1 162.0  32.0    0.     0 0     180.0  14.5    14.0     0.5
09.02           5   90269 € ‚ ‚         9318 76.0        166     2 180.0  18.0    0.     0 0     175.0  23.0    23.0     0.0
10.02           5   90270 € ‚ ‚         9318 152.0       510     4 175.0  68.0    0.     0 0     198.0  44.6    45.0    -0.4
11.02           5   90316 € ‚ ‚         9318 124.0       447     3 198.0   0.0    0.     0 0     161.0  36.0    37.0    -1.0
12.02           5   90317 € ‚ ‚         9318 196.0       760     6 161.0   0.0    0.     0 0     103.0  58.1    58.0     0.1
15.02           8   90318 € ‚ ‚         9318 142.0       434     3 103.0 100.0    0.     0 0     160.0  42.9    43.0    -0.1
16.02           8   90455 € ‚ ‚         9318 108.0       239     3 160.0  55.0    0.     0 0     181.0  32.8    34.0    -1.2
17.02           8   90456 € ‚ ‚         9318 86.0        202     4 181.0  31.0    0.     0 0     186.0  26.5    26.0     0.5
18.02           8   90457 € ‚ ‚         9318 156.0       438     4 186.0  50.0    0.     0 0     190.0  47.3    46.0     1.3
19.02          11   90458 € ‚ ‚         9318 116.0       253     2 190.0  30.0    0.     0 0     186.0  34.9    34.0     0.9
20.02          11   90459 € ‚ ‚         9318 40.0        129     2 186.0   0.0    0.     0 0     174.0  12.4    12.0     0.4
22.02          11   90460 € ‚ ‚         9318 60.0        118     2 174.0   0.0    0.     0 0     156.0  18.3    18.0     0.3
23.02          11   90461 € ‚ ‚         9318 98.0        358     4 156.0   0.0    0.     0 0     126.0  30.1    30.0     0.1
24.02          13   90462 € ‚ ‚         9318 112.0       422     5 126.0   0.0    0.     0 0      92.0  34.5    34.0     0.5
25.02          13   90463 € ‚ ‚         9318 80.0        204     3  92.0  58.0    0.     0 0     126.0  24.5    24.0     0.5
26.02          13   90464 € ‚ ‚         9318 138.0       403     6 126.0  59.0    0.     0 0     139.0  42.4    46.0    -3.6
27.02          13   90606 € ‚ ‚         9318 40.0        194     2 139.0   0.0    0.     0 0     127.0  12.4    12.0     0.4
28.02     1               € ‚ ‚         9318 0.0           0         0.0   0.0  737.     0 0       0.0   0.0     0.0     0.0
‘  1 28 ƒ€€†.…  11789 „ € 330599    2230.0     6507    67  63.0 737.0  737. 0     0     127.0 672.0   673.0    -1.0
ƒ‘“„€‘’‚…›‰ O… AM9776-7
01.02           4   90325 €—‹ € €        9024 184.0       188     3 158.0   0.0    0.     0 0     103.0  55.3    55.0     0.3
02.02           4   90344 €—‹ € €        9024 184.0       161     3 103.0 100.0    0.     0 0     148.0  55.3    55.0     0.3
03.02           4   90358 €—‹ € €        9024 120.0        81     2 148.0   0.0    0.     0 0     112.0  36.1    36.0     0.1
04.02           4   90370 €—‹ € €        9024 134.0       134     2 112.0   0.0    0.     0 0      72.0  40.2    40.0     0.2
05.02           4   90381 €—‹ € €        9024 170.0       295     3  72.0  66.0    0.     0 0      86.0  51.2    52.0    -0.8
06.02           4   90405 €—‹ € €        9024 152.0       244     2  86.0  33.0    0.     0 0      73.0  45.6    46.0    -0.4
07.02           4   90408 €—‹ € €        9024 84.0         70     1  73.0  32.0    0.     0 0      80.0  25.2    25.0     0.2
10.02           5   90437 …— A.C.      30661 54.0        107     1  80.0  60.0    0.     0 0     123.0  16.3    17.0    -0.7
11.02           5   90254 €—‹ € €        9024 86.0        202     3 123.0  60.0    0.     0 0     157.0  26.3    26.0     0.3
15.02           8   90472 €—‹ € €        9024 108.0       243     4 157.0   0.0    0.     0 0     124.0  33.0    33.0     0.0
16.02          10   90503 €—‹ € €        9024 86.0         55     1 124.0  55.0    0.     0 0     153.0  25.8    26.0    -0.2
17.02          10   90324 €—‹ € €        9024 134.0       134     2 153.0  31.0    0.     0 0     144.0  40.2    40.0     0.2
18.02          10   90406 €—‹ € €        9024 84.0         58     1 144.0  50.0    0.     0 0     169.0  25.2    25.0     0.2
19.02          10   90538 €—‹ € €        9024 152.0       348     2 169.0  50.0    0.     0 0     173.0  45.6    46.0    -0.4
21.02          10   90558 €—‹ € €        9024 228.0       724     3 173.0  30.0    0.     0 0     135.0  68.4    68.0     0.4
22.02          10   90568 €—‹ € €        9024 160.0       124     3 135.0  32.0    0.     0 0     119.0  48.2    48.0     0.2
23.02          12   90587 €—‹ € €        9024 170.0       425     3 119.0  17.0    0.     0 0      85.0  51.2    51.0     0.2
24.02          12   90592 €—‹ € €        9024 178.0       212     3  85.0   4.0    0.     0 0      36.0  53.6    53.0     0.6
25.02          12   90608 €—‹ € €        9024 158.0       552     1  36.0  58.0    0.     0 0      50.0  44.0    44.0     0.0
--------------------------------------------------------------------------------------------------------------------------------
 ƒ "¨­ααβΰ®©"                                                                        „ ”› 593952
                                           ‘‚…„…
                                   €‘•„… ’‹‚€  ‡€ ”…‚€‹       2021  ƒ„
62014                                      „€’€ ‘—…’€ 09/03/21                                 ‹‘’   5

--------------------------------------------------------------------------------------------------------------------------------
:    :- :“’…‚‰ ‹‘’ :    ‚  „  ’ … ‹     :…ƒ: ƒ“‡-:‹-:‘’€-: ‹“—…  :‚‡‚€™… :‘’€-:   € ‘ •  „  ::
:„€’€:… :-------------------------------------:      :       :—…‘’-: ’ : ‹ (“) : ‹ (“) : ’ :---------------: +:
:    :‚…„.:… :… :                 : ’€.:    : ’: ‚  :  :-----------:-----------:  :     : ”€’  :……-:
:    :    :€— :„“- :  ”€‹ ..   :…:      :       :…‡„:‚›…‡-:   :   :   :   :‚‡- : … : /‹ :€‘- :
:    :    :      :…’€ :                 :     :      :  ’  :     : „…  : /‹ :‚…„: /‹ :‚…„:‚€’…:       :       :•„ -:
--------------------------------------------------------------------------------------------------------------------------------
26.02          12   90614 €—‹ € €        9024 160.0       310     2  50.0  59.0    0.     0 0      61.0  48.0    48.0     0.0
27.02          12   90627 €—‹ € €        9024 86.0         56     1  61.0  50.0    0.     0 0      86.0  25.8    25.0     0.8
28.02     1    12   90628 €—‹ € €        9024 129.0       369     1  86.0  47.0  834.     0 0      94.0  38.5    39.0    -0.5
‘  1 28 ƒ€€†.…  11801 „ € 330599    3001.0     5092    47 158.0 834.0  834. 0     0      94.0 899.0   898.0     1.0
ƒ‘“„€‘’‚…›‰ O… AM9778-7
‚ ’ —‘‹…  ‚„’…‹
                          €—‹ € €        9024 2947.0     4983             774.0           0             882.7  881.0      1.7
                          …— A.C.      30661 54.0        107              60.0           0              16.3  17.0      -0.7
24.02          13   90578 ‹•’… ‹.‹.   32212 72.0        204     3 172.0   0.0    0.     0 0     151.0  22.1    21.0     1.1
26.02          13   90612 ‹•’… ‹.‹.   32212 76.0        170     2 151.0   0.0    0.     0 0     128.0  23.0    23.0     0.0
‘ 24 26 ƒ€€†.…  11819 „ € 330602    148.0       374     5 172.0 0.0      0. 0     0     128.0  45.1    44.0     1.1
ƒ‘“„€‘’‚…›‰ O… €H3129-7
01.02           2   90341 ‘‹‚…‰ .‹.     19062 2.0           0     1 170.0   0.0    0.     0 0     169.0   1.3     1.0     0.3
16.02           6   90510 ‘‹‚…‰ .‹.     19062 5.0           0     1 169.0   0.0    0.     0 0     167.0   2.4     2.0     0.4
‘  1 16 ƒ€€†.…  12238 „ € 330600    7.0           0     2 170.0 0.0      0. 0     0     167.0   3.7     3.0     0.7
ƒ‘“„€‘’‚…›‰ O… €I1336-7
01.02           3   90339 €’›‚ ‚..    19061 250.0         0     5 189.0 150.0    0.     0 0     224.0 112.7   115.0    -2.3
26.02          14   90615 €’›‚ ‚..    19061 52.0          0     3 224.0   0.0    0.     0 0     201.0  24.4    23.0     1.4
28.02     1               €’›‚ ‚..    19061 0.0           0         0.0   0.0  150.     0 0       0.0   0.0     0.0     0.0
‘  1 28 ƒ€€†.…  12246 „ € 330600    302.0         0     8 189.0 150.0  150. 0     0     201.0 137.1   138.0    -0.9
ƒ‘“„€‘’‚…›‰ O… €I1335-7
09.02           3   90416 —……‚ B..    32298 150.0         0    10 240.0   0.0    0.     0 0     170.0  70.9    70.0     0.9
24.02          14   90573 —……‚ B..    32298 80.0          0     5 170.0   0.0    0.     0 0     133.0  37.7    37.0     0.7
26.02          14   90616 —……‚ B..    32298 52.0          0     3 133.0  88.0    0.     0 0     198.0  24.5    23.0     1.5
28.02     1               —……‚ B..    32298 0.0           0         0.0   0.0   88.     0 0       0.0   0.0     0.0     0.0
‘  9 28 ƒ€€†.…  12254 „ € 330601    282.0         0    18 240.0 88.0    88. 0     0     198.0 133.1   130.0     3.1
ƒ‘“„€‘’‚…›‰ O… €I4259-7
01.02           3   90340 ‘–€ .€.       1904 256.0         0     5 345.0  80.0    0.     0 0     307.0 118.0   118.0     0.0
09.02           3   90424 ‘–€ .€.       1904 74.0          0     2 307.0   0.0    0.     0 0     272.0  34.2    35.0    -0.8
10.02           3   90439 ‘–€ .€.       1904 108.0         0     3 272.0  80.0    0.     0 0     303.0  50.0    49.0     1.0
17.02           9   90521 ‘–€ .€.       1904 74.0          0     2 303.0   0.0    0.     0 0     270.0  34.2    33.0     1.2
28.02     1               ‘–€ .€.       1904 0.0           0         0.0   0.0  160.     0 0       0.0   0.0     0.0     0.0
‘  1 28 ƒ€€†.…  12271 „ € 330601    512.0         0    12 345.0 160.0  160. 0     0     270.0 236.4   235.0     1.4
ƒ‘“„€‘’‚…›‰ O… AP0194-7
09.02           3   90423 —“€‚ B.B.     36188 42.0          0     1 238.0   0.0    0.     0 0     220.0  19.0    18.0     1.0
10.02           3   90438 —“€‚ B.B.     36188 42.0          0     1 220.0 120.0    0.     0 0     320.0  19.0    20.0    -1.0
16.02           9   90509 —“€‚ B.B.     36188 178.0         0     6 320.0   0.0    0.     0 0     240.0  81.4    80.0     1.4
17.02          14   90517 —“€‚ B.B.     36188 140.0         0     7 240.0  47.0    0.     0 0     222.0  65.2    65.0     0.2
19.02          14   90543 —“€‚ B.B.     36188 148.0         0    14 222.0  92.0    0.     0 0     242.0  72.2    72.0     0.2
26.02          14   90617 —“€‚ B.B.     36188 52.0          0     3 242.0  88.0    0.     0 0     306.0  24.4    24.0     0.4
28.02     1               —“€‚ B.B.     36188 0.0           0         0.0   0.0  347.     0 0       0.0   0.0     0.0     0.0
‘  9 28 ƒ€€†.…  12289 „ € 330600    602.0         0    32 238.0 347.0  347. 0     0     306.0 281.2   279.0     2.2
ƒ‘“„€‘’‚…›‰ O… €3459-7
01.02           7   90328 €‡€— ‚ €     5970 248.0      3719     2 184.0 180.0    0.     0 0     253.0 110.8   111.0    -0.2
02.02           7   90342 €‡€— ‚ €     5970 242.0      3419     2 253.0   0.0    0.     0 0     145.0 107.9   108.0    -0.1
03.02           7   90356 €‡€— ‚ €     5970 248.0      3719     2 145.0 200.0    0.     0 0     234.0 110.8   111.0    -0.2
04.02           7   90368 €‡€— ‚ €     5970 248.0      3719     2 234.0   0.0    0.     0 0     123.0 110.8   111.0    -0.2
05.02           7   90392 €‡€— ‚ €     5970 248.0      3719     2 123.0 130.0    0.     0 0     142.0 110.8   111.0    -0.2
08.02           7   90397 €‡€— ‚ €     5970 262.0      3899     2 142.0  60.0    0.     0 0      85.0 117.5   117.0     0.5
09.02           7   90420 €‡€— ‚ €     5970 132.0      1949     1  85.0  35.0    0.     0 0      61.0  59.2    59.0     0.2
10.02           7   90427 €‡€— ‚ €     5970 262.0      3899     2  61.0 136.0    0.     0 0      80.0 117.5   117.0     0.5
11.02           7   90255 €‡€— ‚ €     5970 249.0      3509     2  80.0 200.0    0.     0 0     169.0 111.3   111.0     0.3
12.02           7   90451 €‡€— ‚ €     5970 392.0      5848     3 169.0 200.0    0.     0 0     193.0 175.9   176.0    -0.1
15.02           7   90465 €‡€— ‚ €     5970 262.0      3899     2 193.0 130.0    0.     0 0     204.0 117.5   119.0    -1.5
--------------------------------------------------------------------------------------------------------------------------------
 ƒ "¨­ααβΰ®©"                                                                        „ ”› 593952
                                           ‘‚…„…
                                   €‘•„… ’‹‚€  ‡€ ”…‚€‹       2021  ƒ„
62014                                      „€’€ ‘—…’€ 09/03/21                                 ‹‘’   6

--------------------------------------------------------------------------------------------------------------------------------
:    :- :“’…‚‰ ‹‘’ :    ‚  „  ’ … ‹     :…ƒ: ƒ“‡-:‹-:‘’€-: ‹“—…  :‚‡‚€™… :‘’€-:   € ‘ •  „  ::
:„€’€:… :-------------------------------------:      :       :—…‘’-: ’ : ‹ (“) : ‹ (“) : ’ :---------------: +:
:    :‚…„.:… :… :                 : ’€.:    : ’: ‚  :  :-----------:-----------:  :     : ”€’  :……-:
:    :    :€— :„“- :  ”€‹ ..   :…:      :       :…‡„:‚›…‡-:   :   :   :   :‚‡- : … : /‹ :€‘- :
:    :    :      :…’€ :                 :     :      :  ’  :     : „…  : /‹ :‚…„: /‹ :‚…„:‚€’…:       :       :•„ -:
--------------------------------------------------------------------------------------------------------------------------------
16.02           7   90489 €‡€— ‚ €     5970 234.0      3509     2 204.0 100.0    0.     0 0     200.0 104.7   104.0     0.7
17.02           7   90511 €‡€— ‚ €     5970 262.0      3899     2 200.0  60.0    0.     0 0     143.0 117.5   117.0     0.5
18.02          10   90522 €‡€— ‚ €     5970 248.0      3719     2 143.0 100.0    0.     0 0     132.0 113.6   111.0     2.6
19.02          10   90539 €‡€— ‚ €     5970 262.0      3899     2 132.0 120.0    0.     0 0     145.0 120.2   107.0    13.2
22.02          12   90566 €‡€— ‚ €     5970 249.0      3509     2 145.0  60.0    0.     0 0      94.0 114.0   111.0     3.0
23.02          12   90585 €‡€— ‚ €     5970 262.0      3899     2  94.0  35.0    0.     0 0       5.0 120.2   124.0    -3.8
28.02     1               €‡€— ‚ €     5970 0.0           0         0.0   0.0 1746.     0 0       0.0   0.0     0.0     0.0
‘  1 28 ƒ€€†.…  12319 „ € 330605    4310.0    63732    34 184.0 1746. 1746. 0     0       5.0 1940.2 1925.0    15.2
ƒ‘“„€‘’‚…›‰ O… €C1817-7
01.02           7   90329 ‚€         13470 248.0      3719     2 232.0 150.0    0.     0 0     271.0 110.8   111.0    -0.2
02.02           7   90343 ‚€         13470 372.0      5578     3 271.0 150.0    0.     0 0     255.0 166.2   166.0     0.2
03.02           7   90357 ‚€         13470 248.0      3719     2 255.0 100.0    0.     0 0     245.0 110.8   110.0     0.8
04.02           7   90369 ‚€         13470 248.0      3719     2 245.0   0.0    0.     0 0     135.0 110.8   110.0     0.8
05.02           7   90393 ‚€         13470 248.0      3719     2 135.0 130.0    0.     0 0     155.0 110.8   110.0     0.8
08.02           7   90398 ‚€         13470 262.0      3899     2 155.0  64.0    0.     0 0     102.0 117.5   117.0     0.5
09.02           7   90421 ‚€         13470 132.0      1949     1 102.0  37.0    0.     0 0      80.0  59.2    59.0     0.2
10.02           7   90428 ‚€         13470 262.0      3899     2  80.0 136.0    0.     0 0     100.0 117.5   116.0     1.5
11.02           7   90256 ‚€         13470 262.0      3899     2 100.0 200.0    0.     0 0     182.0 117.5   118.0    -0.5
12.02           7   90452 ‚€         13470 392.0      5848     3 182.0 150.0    0.     0 0     157.0 175.9   175.0     0.9
13.02           7   90466 ‚€         13470 262.0      3899     2 157.0 145.0    0.     0 0     185.0 117.5   117.0     0.5
16.02           7   90490 ‚€         13470 262.0      3899     2 185.0 110.0    0.     0 0     178.0 117.5   117.0     0.5
17.02          10   90512 ‚€         13470 262.0      3899     2 178.0  60.0    0.     0 0     121.0 117.5   117.0     0.5
18.02          10   90523 ‚€         13470 248.0      3719     2 121.0 100.0    0.     0 0     110.0 113.6   111.0     2.6
19.02          10   90540 ‚€         13470 262.0      3899     2 110.0 120.0    0.     0 0     113.0 120.2   117.0     3.2
22.02          10   90567 ‚€         13470 262.0      3899     2 113.0  64.0    0.     0 0      60.0 120.2   117.0     3.2
23.02          12   90584 ‚€         13470 262.0      3899     2  60.0  70.0    0.     0 0      13.0 120.2   117.0     3.2
28.02     1               ‚€         13470 0.0           0         0.0   0.0 1751.     0 0       0.0   0.0     0.0     0.0
‘  1 28 ƒ€€†.…  12327 „ € 330605    4494.0    67061    35 232.0 1786. 1751. 0     0      13.0 2023.7 2005.0    18.7
ƒ‘“„€‘’‚…›‰ O… €C1818-7
01.02           6   90330 €‘‚‘‰ ‹.E.   9921 214.0         0     3 330.0  80.0    0.     0 0     314.0  96.7    96.0     0.7
02.02           6   90345 €‘‚‘‰ ‹.E.   9921 214.0         0     3 314.0  90.0    0.     0 0     308.0  96.7    96.0     0.7
03.02           6   90361 €‘‚‘‰ ‹.E.   9921 214.0         0     3 308.0 100.0    0.     0 0     311.0  96.7    97.0    -0.3
04.02           6   90372 €‘‚‘‰ ‹.E.   9921 214.0         0     3 311.0   0.0    0.     0 0     215.0  96.7    96.0     0.7
05.02           6   90390 €‘‚‘‰ ‹.E.   9921 214.0         0     3 215.0 130.0    0.     0 0     249.0  96.7    96.0     0.7
08.02           6   90399 €‘‚‘‰ ‹.E.   9921 214.0         0     3 249.0  60.0    0.     0 0     213.0  96.7    96.0     0.7
09.02           6   90414 €‘‚‘‰ ‹.E.   9921 214.0         0     3 213.0  35.0    0.     0 0     152.0  96.7    96.0     0.7
10.02           6   90429 €‘‚‘‰ ‹.E.   9921 214.0         0     3 152.0 130.0    0.     0 0     186.0  96.7    96.0     0.7
11.02           6   90258 €‘‚‘‰ ‹.E.   9921 214.0         0     3 186.0 190.0    0.     0 0     280.0  96.7    96.0     0.7
12.02           6   90447 €‘‚‘‰ ‹.E.   9921 214.0         0     3 280.0 130.0    0.     0 0     314.0  96.7    96.0     0.7
15.02           6   90468 €‘‚‘‰ ‹.E.   9921 214.0         0     3 314.0  90.0    0.     0 0     307.0  96.7    97.0    -0.3
16.02           6   90491 €‘‚‘‰ ‹.E.   9921 214.0         0     3 307.0 100.0    0.     0 0     311.0  96.7    96.0     0.7
17.02           6   90514 €‘‚‘‰ ‹.E.   9921 214.0         0     3 311.0  60.0    0.     0 0     275.0  96.7    96.0     0.7
18.02           9   90524 €‘‚‘‰ ‹.E.   9921 214.0         0     3 275.0 100.0    0.     0 0     279.0  96.7    96.0     0.7
19.02           9   90499 €‘‚‘‰ ‹.E.   9921 214.0         0     3 279.0  90.0    0.     0 0     272.0  96.7    97.0    -0.3
22.02          14   90561 €‘‚‘‰ ‹.E.   9921 214.0         0     3 272.0  60.0    0.     0 0     236.0  96.7    96.0     0.7
28.02     1               €‘‚‘‰ ‹.E.   9921 0.0           0         0.0   0.0 1480.     0 0       0.0   0.0     0.0     0.0
‘  1 28 ƒ€€†.…  12335 „ € 330606    3424.0        0    48 330.0 1445. 1480. 0     0     236.0 1547.2 1539.0     8.2
ƒ‘“„€‘’‚…›‰ O… €C3419-7
01.02           6   90331 €“”… B.B.   5673 214.0         0     3 344.0   0.0    0.     0 0     248.0  96.7    96.0     0.7
02.02           6   90346 €“”… B.B.   5673 214.0         0     3 248.0 180.0    0.     0 0     332.0  96.7    96.0     0.7
03.02           6   90362 €“”… B.B.   5673 214.0         0     3 332.0   0.0    0.     0 0     236.0  96.7    96.0     0.7
04.02           6   90373 €“”… B.B.   5673 214.0         0     3 236.0   0.0    0.     0 0     140.0  96.7    96.0     0.7
05.02           6   90391 €“”… B.B.   5673 214.0         0     3 140.0 130.0    0.     0 0     174.0  96.7    96.0     0.7
08.02           6   90400 €“”… B.B.   5673 214.0         0     3 174.0  60.0    0.     0 0     138.0  96.7    96.0     0.7
--------------------------------------------------------------------------------------------------------------------------------
 ƒ "¨­ααβΰ®©"                                                                        „ ”› 593952
                                           ‘‚…„…
                                   €‘•„… ’‹‚€  ‡€ ”…‚€‹       2021  ƒ„
62014                                      „€’€ ‘—…’€ 09/03/21                                 ‹‘’   7

--------------------------------------------------------------------------------------------------------------------------------
:    :- :“’…‚‰ ‹‘’ :    ‚  „  ’ … ‹     :…ƒ: ƒ“‡-:‹-:‘’€-: ‹“—…  :‚‡‚€™… :‘’€-:   € ‘ •  „  ::
:„€’€:… :-------------------------------------:      :       :—…‘’-: ’ : ‹ (“) : ‹ (“) : ’ :---------------: +:
:    :‚…„.:… :… :                 : ’€.:    : ’: ‚  :  :-----------:-----------:  :     : ”€’  :……-:
:    :    :€— :„“- :  ”€‹ ..   :…:      :       :…‡„:‚›…‡-:   :   :   :   :‚‡- : … : /‹ :€‘- :
:    :    :      :…’€ :                 :     :      :  ’  :     : „…  : /‹ :‚…„: /‹ :‚…„:‚€’…:       :       :•„ -:
--------------------------------------------------------------------------------------------------------------------------------
09.02           6   90415 €“”… B.B.   5673 214.0         0     3 138.0  35.0    0.     0 0      77.0  96.7    96.0     0.7
10.02           6   90430 €“”… B.B.   5673 214.0         0     3  77.0 135.0    0.     0 0     116.0  96.7    96.0     0.7
11.02           6   90445 €“”… B.B.   5673 214.0         0     3 116.0 150.0    0.     0 0     170.0  96.7    96.0     0.7
12.02           6   90448 €“”… B.B.   5673 214.0         0     3 170.0  80.0    0.     0 0     154.0  96.7    96.0     0.7
15.02           6   90469 €“”… B.B.   5673 214.0         0     3 154.0 140.0    0.     0 0     198.0  96.7    96.0     0.7
16.02           6   90492 €“”… B.B.   5673 214.0         0     3 198.0 110.0    0.     0 0     212.0  96.7    96.0     0.7
17.02           9   90515 €“”… B.B.   5673 214.0         0     3 212.0  60.0    0.     0 0     178.0  96.7    94.0     2.7
18.02          14   90525 €“”… B.B.   5673 214.0         0     3 178.0 100.0    0.     0 0     182.0  96.7    96.0     0.7
19.02          14   90500 €“”… B.B.   5673 214.0         0     3 182.0 100.0    0.     0 0     186.0  96.7    96.0     0.7
22.02          14   90562 €“”… B.B.   5673 214.0         0     3 186.0  60.0    0.     0 0     139.0  96.7   107.0   -10.3
28.02     1               €“”… B.B.   5673 0.0           0         0.0   0.0 1340.     0 0       0.0   0.0     0.0     0.0
‘  1 28 ƒ€€†.…  12343 „ € 330606    3424.0        0    48 344.0 1340. 1340. 0     0     139.0 1547.2 1545.0     2.2
ƒ‘“„€‘’‚…›‰ O… €C3420-7
01.02           4   90336 ‘‹€ .C.       3565 229.0      1638     2 367.0 100.0    0.     0 0     369.0  98.1    98.0     0.1
05.02           3   90394 ‘‹€ .C.       3565 156.0         0     6 369.0  99.0    0.     0 0     390.0  76.8    78.0    -1.2
09.02           3   90411 ‘‹€ .C.       3565 42.0          0     1 390.0   0.0    0.     0 0     370.0  20.4    20.0     0.4
10.02           3   90440 ‘‹€ .C.       3565 105.0         0     4 370.0   0.0    0.     0 0     318.0  51.7    52.0    -0.3
11.02           3   90446 ‘‹€ .C.       3565 160.0         0     5 318.0  20.0    0.     0 0     258.0  78.2    80.0    -1.8
17.02          14   90516 ‘‹€ .C.       3565 148.0         0     7 258.0  47.0    0.     0 0     231.0  73.5    74.0    -0.5
19.02          14   90534 ‘‹€ .C.       3565 148.0         0    14 231.0  92.0    0.     0 0     245.0  77.0    78.0    -1.0
24.02          14   90529 ‘‹€ .C.       3565 80.0          0     5 245.0   6.0    0.     0 0     209.0  40.3    42.0    -1.7
26.02          14   90618 ‘‹€ .C.       3565 52.0          0     3 209.0  88.0    0.     0 0     274.0  26.1    23.0     3.1
28.02     1               ‘‹€ .C.       3565 0.0           0         0.0   0.0  452.     0 0       0.0   0.0     0.0     0.0
‘  1 28 ƒ€€†.…  12350 „ € 330610    1120.0     1638    47 367.0 452.0  452. 0     0     274.0 542.1   545.0    -2.9
ƒ‘“„€‘’‚…›‰ O… €T0777-7
04.02           3   90380  ‘..        1457 5.0           0       100.0   0.0    0.     0 0      98.0   1.5     2.0    -0.5
05.02           3   90387  ‘..        1457 149.0         0        98.0  99.0    0.     0 0     119.0  79.0    78.0     1.0
08.02           5   90410  ‘..        1457 56.0        160       119.0  48.0    0.     0 0     136.0  31.1    31.0     0.1
10.02           3   90409  ‘..        1457 149.0         0       136.0 150.0    0.     0 0     208.0  78.7    78.0     0.7
11.02           3   90442  ‘..        1457 148.0         0       208.0 120.0    0.     0 0     252.0  76.2    76.0     0.2
12.02           3   90454  ‘..        1457 149.0         0       252.0   0.0    0.     0 0     176.0  77.2    76.0     1.2
16.02          10   90488  ‘..        1457 60.0        385       176.0   0.0    0.     0 0     124.0  52.3    52.0     0.3
19.02           9   90541  ‘..        1457 149.0         0       124.0  92.0    0.     0 0     140.0  76.6    76.0     0.6
20.02          10   90551  ‘..        1457 84.0        341       140.0   0.0    0.     0 0      94.0  46.0    46.0     0.0
22.02          12   90572  ‘..        1457 76.0        418        94.0  48.0    0.     0 0      90.0  52.3    52.0     0.3
24.02          12   90577  ‘..        1457 66.0        370        90.0  97.0    0.     0 0     138.0  49.5    49.0     0.5
25.02          14   90598  ‘..        1457 148.0         0       138.0  75.0    0.     0 0     134.0  76.2    79.0    -2.8
26.02          14   90603  ‘..        1457 147.0         0       134.0  88.0    0.     0 0     144.0  75.8    78.0    -2.2
28.02     1                ‘..        1457 0.0           0         0.0   0.0  817.     0 0       0.0   0.0     0.0     0.0
‘  4 28 ƒ€€†.…  13064 „ € 340502    1386.0     1674       100.0 817.0  817. 0     0     144.0 772.4   773.0    -0.6
ƒ‘“„€‘’‚…›‰ O… AC1659-7
21.02          14   90557 €“ B.M.     9075 5.0           0       167.0   0.0    0.     0 0     165.0   1.5     2.0    -0.5
22.02          14   90563 €“ B.M.     9075 124.0         0       165.0   0.0    0.     0 0     101.0  63.8    64.0    -0.2
24.02          14   90591 €“ B.M.     9075 126.0         0       101.0  86.0    0.     0 0     124.0  63.7    63.0     0.7
25.02          12   90610 €“ B.M.     9075 72.0        499       124.0  75.0    0.     0 0     155.0  43.8    44.0    -0.2
26.02          12   90605 €“ B.M.     9075 50.0        200       155.0   0.0    0.     0 0     121.0  33.7    34.0    -0.3
27.02          12   90626 €“ B.M.     9075 70.0        406       121.0  75.0    0.     0 0     160.0  46.3    36.0    10.3
28.02     1               €“ B.M.     9075 0.0           0         0.0   0.0  236.     0 0       0.0   0.0     0.0     0.0
‘ 21 28 ƒ€€†.…  13072 „ € 340502    447.0      1105       167.0 236.0  236. 0     0     160.0 252.8   243.0     9.8
ƒ‘“„€‘’‚…›‰ O… AC1994-7
01.02         900   90338 ‘’›ƒ€ ..         25 26.0          0        69.0   0.0    0.     0 0      55.0  11.7    14.0    -2.3
02.02         900   90352 ‘’›ƒ€ ..         25 5.0           0        55.0   0.0    0.     0 0      53.0   2.2     2.0     0.2
03.02         900   90367 ‘’›ƒ€ ..         25 0.0           0        53.0   0.0    0.     0 0      53.0   0.0     0.0     0.0
04.02         900   90378 ‘’›ƒ€ ..         25 22.0          0        53.0   0.0    0.     0 0      43.0   9.9    10.0    -0.1
--------------------------------------------------------------------------------------------------------------------------------
 ƒ "¨­ααβΰ®©"                                                                        „ ”› 593952
                                           ‘‚…„…
                                   €‘•„… ’‹‚€  ‡€ ”…‚€‹       2021  ƒ„
62014                                      „€’€ ‘—…’€ 09/03/21                                 ‹‘’   8

--------------------------------------------------------------------------------------------------------------------------------
:    :- :“’…‚‰ ‹‘’ :    ‚  „  ’ … ‹     :…ƒ: ƒ“‡-:‹-:‘’€-: ‹“—…  :‚‡‚€™… :‘’€-:   € ‘ •  „  ::
:„€’€:… :-------------------------------------:      :       :—…‘’-: ’ : ‹ (“) : ‹ (“) : ’ :---------------: +:
:    :‚…„.:… :… :                 : ’€.:    : ’: ‚  :  :-----------:-----------:  :     : ”€’  :……-:
:    :    :€— :„“- :  ”€‹ ..   :…:      :       :…‡„:‚›…‡-:   :   :   :   :‚‡- : … : /‹ :€‘- :
:    :    :      :…’€ :                 :     :      :  ’  :     : „…  : /‹ :‚…„: /‹ :‚…„:‚€’…:       :       :•„ -:
--------------------------------------------------------------------------------------------------------------------------------
05.02         900   90389 ‘’›ƒ€ ..         25 46.0          0        43.0   0.0    0.     0 0      22.0  20.6    21.0    -0.4
08.02         900   90403 ‘’›ƒ€ ..         25 57.0          0        22.0  32.0    0.     0 0      29.0  25.6    25.0     0.6
09.02         900   90419 ‘’›ƒ€ ..         25 15.0          0        29.0   0.0    0.     0 0      22.0   6.7     7.0    -0.3
10.02         900   90435 ‘’›ƒ€ ..         25 123.0         0        22.0  68.0    0.     0 0      39.0  55.2    51.0     4.2
11.02         900   90444 ‘’›ƒ€ ..         25 26.0          0        39.0   0.0    0.     0 0      27.0  11.7    12.0    -0.3
12.02         900   90449 ‘’›ƒ€ ..         25 0.0           0        27.0   0.0    0.     0 0      27.0   0.0     0.0     0.0
15.02         900   90475 ‘’›ƒ€ ..         25 22.0          0        27.0   0.0    0.     0 0      17.0   9.9    10.0    -0.1
16.02         900   90502 ‘’›ƒ€ ..         25 0.0           0        17.0   0.0    0.     0 0      17.0   0.0     0.0     0.0
17.02         900   90496 ‘’›ƒ€ ..         25 13.0          0        17.0   0.0    0.     0 0      11.0   5.8     6.0    -0.2
18.02         900   90497 ‘’›ƒ€ ..         25 9.0           0        11.0  50.0    0.     0 0      57.0   4.0     4.0     0.0
19.02         900   90498 ‘’›ƒ€ ..         25 18.0          0        57.0   0.0    0.     0 0      49.0   8.1     8.0     0.1
22.02         900   90560 ‘’›ƒ€ ..         25 0.0           0        49.0   0.0    0.     0 0      49.0   0.0     0.0     0.0
23.02         900   90553 ‘’›ƒ€ ..         25 32.0          0        49.0   0.0    0.     0 0      35.0  14.4    14.0     0.4
24.02         900   90589 ‘’›ƒ€ ..         25 47.0          0        35.0   0.0    0.     0 0      14.0  21.1    21.0     0.1
25.02         900   90596 ‘’›ƒ€ ..         25 57.0          0        14.0  50.0    0.     0 0      39.0  25.6    25.0     0.6
26.02         900   90601 ‘’›ƒ€ ..         25 16.0          0        39.0   0.0    0.     0 0      32.0   7.2     7.0     0.2
28.02     1               ‘’›ƒ€ ..         25 0.0           0         0.0   0.0  200.     0 0       0.0   0.0     0.0     0.0
‘  1 28 ƒ€€†.…  14915 „ € 361526    534.0         0        69.0 200.0  200. 0     0      32.0 239.7   237.0     2.7
ƒ‘“„€‘’‚…›‰ O… ‘ 22-61
’ƒ  ‹…
…‡ €-92                                         2413                      260.          0                         279.
                                                                0                     0.0    0                285.      6.1
…‡ €-95                                          778                       99.          0                          95.
                                                                0                    99.0    0                 95.      0.3
„‡’‹‚                                          38979          651       13988.          0                       15298.
                                                           175599                 13988.0    0              15364.      66.6
                                „‡’‹‚
’ƒ  €
…‡ €-92                                     2413.0                    260.0       0                           279.0
                                                                0                0.00        0            285.1         6.1
…‡ €-95                                     778.0                     99.0        0                           95.4
                                                                0                99.00       0            95.7          0.3
„‡’‹‚                                       38979.0           651     13988.0     0                           15298.0
                                                           175599                13988.00    0            15364.6       66.6
