 ƒ "¨­ααβΰ®©"                                                                        „ ”› 593952
                                           ‘‚…„…
                                   €‘•„… ’‹‚€  ‡€ ‚€        2021  ƒ„
62014                                      „€’€ ‘—…’€ 10/03/21                                 ‹‘’   1

--------------------------------------------------------------------------------------------------------------------------------
:    :- :“’…‚‰ ‹‘’ :    ‚  „  ’ … ‹     :…ƒ: ƒ“‡-:‹-:‘’€-: ‹“—…  :‚‡‚€™… :‘’€-:   € ‘ •  „  ::
:„€’€:… :-------------------------------------:      :       :—…‘’-: ’ : ‹ (“) : ‹ (“) : ’ :---------------: +:
:    :‚…„.:… :… :                 : ’€.:    : ’: ‚  :  :-----------:-----------:  :     : ”€’  :……-:
:    :    :€— :„“- :  ”€‹ ..   :…:      :       :…‡„:‚›…‡-:   :   :   :   :‚‡- : … : /‹ :€‘- :
:    :    :      :…’€ :                 :     :      :  ’  :     : „…  : /‹ :‚…„: /‹ :‚…„:‚€’…:       :       :•„ -:
--------------------------------------------------------------------------------------------------------------------------------
                                …‡ €-92
11.01         901   90114 ƒ…€ ‚ ‘        9253 89.0          0         9.0  20.0    0.     0 0      17.0  12.1    12.0     0.1
12.01         901   90145 ƒ…€ ‚ ‘        9253 80.0          0        17.0   0.0    0.     0 0       6.0  10.9    11.0    -0.1
13.01         901   90167 ƒ…€ ‚ ‘        9253 81.0          0         6.0  30.0    0.     0 0      25.0  11.0    11.0     0.0
14.01         901   90176 ƒ…€ ‚ ‘        9253 82.0          0        25.0   0.0    0.     0 0      14.0  11.2    11.0     0.2
15.01         901   90185 ƒ…€ ‚ ‘        9253 98.0          0        14.0  40.0    0.     0 0      41.0  13.4    13.0     0.4
18.01         901   90195 ƒ…€ ‚ ‘        9253 82.0          0        41.0   0.0    0.     0 0      30.0  11.2    11.0     0.2
19.01         901   90227 ƒ…€ ‚ ‘        9253 90.0          0        30.0   0.0    0.     0 0      16.0  12.3    14.0    -1.7
20.01         901   90201 ƒ…€ ‚ ‘        9253 88.0          0        16.0  30.0    0.     0 0      34.0  12.0    12.0     0.0
21.01         901   90220 ƒ…€ ‚ ‘        9253 87.0          0        34.0   0.0    0.     0 0      22.0  11.9    12.0    -0.1
22.01         901   90239 ƒ…€ ‚ ‘        9253 73.0          0        22.0   0.0    0.     0 0      12.0  10.0    10.0     0.0
25.01         901   90203 ƒ…€ ‚ ‘        9253 88.0          0        12.0  40.0    0.     0 0      40.0  12.0    12.0     0.0
26.01         901   90259 ƒ…€ ‚ ‘        9253 82.0          0        40.0   0.0    0.     0 0      32.0  11.2     8.0     3.2
27.01         901   90279 ƒ…€ ‚ ‘        9253 81.0          0        32.0   0.0    0.     0 0      21.0  11.0    11.0     0.0
28.01         901   90290 ƒ…€ ‚ ‘        9253 80.0          0        21.0  25.0    0.     0 0      36.0  10.9    10.0     0.9
29.01         901   90305 ƒ…€ ‚ ‘        9253 93.0          0        36.0   0.0    0.     0 0      25.0  12.7    11.0     1.7
31.01     2               ƒ…€ ‚ ‘        9253 0.0           0         0.0   0.0  185.     0 0       0.0   0.0     0.0     0.0
‘ 11 31 ƒ€€†.…  10049 „ € 220030    1274.0        0         9.0 185.0  185. 0     0      25.0 173.8   169.0     4.8
ƒ‘“„€‘’‚…›‰ O… €€6622-7
11.01         901  600800 €‹…•‚— € €    20017 1210.0        0        51.0 120.0    0.     0 0      50.0 121.0   121.0     0.0
31.01     2               €‹…•‚— € €    20017 0.0           0         0.0   0.0  120.     0 0       0.0   0.0     0.0     0.0
‘ 11 31 ƒ€€†.…  11118 „ € 113080    1210.0        0        51.0 120.0  120. 0     0      50.0 121.0   121.0     0.0
ƒ‘“„€‘’‚…›‰ O… 80-28€…7
                                …‡ €-95
11.01         901  600799 ’‚ €.….     20525 697.0         0        17.1  80.0    0.     0 0      12.0  85.7    85.1     0.6
31.01     3               ’‚ €.….     20525 0.0           0         0.0   0.0   80.     0 0       0.0   0.0     0.0     0.0
‘ 11 31 ƒ€€†.…  10014 „ € 113001    697.0         0        17.1 80.0    80. 0     0      12.0  85.7    85.1     0.6
ƒ‘“„€‘’‚…›‰ O… 0014II-7
                                „‡’‹‚
21.01           5   90205 €‹ A.B.          27 52.0        482       283.0  50.0    0.     0 0     311.0  22.4    22.0     0.4
22.01           5   90215 €‹ A.B.          27 395.0      4360       311.0 200.0    0.     0 0     341.0 168.4   170.0    -1.6
25.01           5   90232 €‹ A.B.          27 395.0         0       341.0 150.0    0.     0 0     324.0 220.8   167.0    53.8
26.01           5   90250 €‹ A.B.          27 395.0      4360       324.0 200.0    0.     0 0     357.0 168.4   167.0     1.4
27.01           5   90281 €‹ A.B.          27 395.0      4360       357.0 300.0    0.     0 0     490.0 168.4   167.0     1.4
28.01           5   90287 €‹ A.B.          27 52.0        482       490.0   0.0    0.     0 0     468.0  22.4    22.0     0.4
29.01           8   90321 €‹ A.B.          27 64.0          0       468.0   0.0    0.     0 0     444.0  22.4    24.0    -1.6
31.01     1               €‹ A.B.          27 0.0           0         0.0   0.0  900.     0 0       0.0   0.0     0.0     0.0
‘ 21 31 ƒ€€†.…  10332 „ € 322773    1748.0    14044       283.0 900.0  900. 0     0     444.0 793.2   739.0    54.2
ƒ‘“„€‘’‚…›‰ O… KM 2290
04.01           3   90124 €‚ H.C.        5398 177.0         0       267.0   0.0    0.     0 0     205.0  62.1    62.0     0.1
05.01           3   90126 €‚ H.C.        5398 179.0         0       205.0   0.0    0.     0 0     142.0  62.8    63.0    -0.2
06.01           3   90132 €‚ H.C.        5398 147.0         0       142.0 200.0    0.     0 0     290.0  51.6    52.0    -0.4
11.01           3   90141 €‚ H.C.        5398 155.0         0       290.0   0.0    0.     0 0     240.0  54.4    50.0     4.4
12.01           3   90148 €‚ H.C.        5398 143.0         0       240.0   0.0    0.     0 0     190.0  50.2    50.0     0.2
13.01           3   90169 €‚ H.C.        5398 147.0         0       190.0   0.0    0.     0 0     140.0  51.6    50.0     1.6
14.01           3   90181 €‚ H.C.        5398 149.0         0       140.0 200.0    0.     0 0     290.0  52.3    50.0     2.3
15.01           3   90188 €‚ H.C.        5398 138.0         0       290.0   0.0    0.     0 0     242.0  48.4    48.0     0.4
18.01           4   90199 €‚ H.C.        5398 168.0         0       242.0   0.0    0.     0 0     183.0  58.9    59.0    -0.1
20.01           4   90230 €‚ H.C.        5398 146.0         0       183.0   0.0    0.     0 0     132.0  51.2    51.0     0.2
21.01           4   90214 €‚ H.C.        5398 169.0         0       132.0 150.0    0.     0 0     223.0  59.3    59.0     0.3
22.01           4   90217 €‚ H.C.        5398 179.0         0       223.0 150.0    0.     0 0     310.0  62.8    63.0    -0.2
25.01           4   90238 €‚ H.C.        5398 155.0         0       310.0   0.0    0.     0 0     256.0  54.4    54.0     0.4
26.01           4   90247 €‚ H.C.        5398 180.0         0       256.0   0.0    0.     0 0     193.0  63.1    63.0     0.1
--------------------------------------------------------------------------------------------------------------------------------
 ƒ "¨­ααβΰ®©"                                                                        „ ”› 593952
                                           ‘‚…„…
                                   €‘•„… ’‹‚€  ‡€ ‚€        2021  ƒ„
62014                                      „€’€ ‘—…’€ 10/03/21                                 ‹‘’   2

--------------------------------------------------------------------------------------------------------------------------------
:    :- :“’…‚‰ ‹‘’ :    ‚  „  ’ … ‹     :…ƒ: ƒ“‡-:‹-:‘’€-: ‹“—…  :‚‡‚€™… :‘’€-:   € ‘ •  „  ::
:„€’€:… :-------------------------------------:      :       :—…‘’-: ’ : ‹ (“) : ‹ (“) : ’ :---------------: +:
:    :‚…„.:… :… :                 : ’€.:    : ’: ‚  :  :-----------:-----------:  :     : ”€’  :……-:
:    :    :€— :„“- :  ”€‹ ..   :…:      :       :…‡„:‚›…‡-:   :   :   :   :‚‡- : … : /‹ :€‘- :
:    :    :      :…’€ :                 :     :      :  ’  :     : „…  : /‹ :‚…„: /‹ :‚…„:‚€’…:       :       :•„ -:
--------------------------------------------------------------------------------------------------------------------------------
27.01           8   90277 €‚ H.C.        5398 180.0         0       193.0 150.0    0.     0 0     280.0  63.1    63.0     0.1
28.01           8   90289 €‚ H.C.        5398 179.0         0       280.0   0.0    0.     0 0     217.0  62.8    63.0    -0.2
29.01           8   90303 €‚ H.C.        5398 177.0         0       217.0 150.0    0.     0 0     304.0  62.1    63.0    -0.9
31.01     1               €‚ H.C.        5398 0.0           0         0.0   0.0 1000.     0 0       0.0   0.0     0.0     0.0
‘  4 31 ƒ€€†.…  10367 „ € 322773    2768.0        0       267.0 1000. 1000. 0     0     304.0 971.1   963.0     8.1
ƒ‘“„€‘’‚…›‰ O… KI 0839
05.01           5   90128 €‚ H.C.        5398 550.0       693       402.0   0.0    0.     0 0     232.0 173.8   170.0     3.8
20.01           8   90209 “‹…         4227 4.0           0       232.0  60.0    0.     0 0     291.0   1.3     1.0     0.3
21.01           5   90213 “‹…         4227 634.0      1011       291.0 300.0    0.     0 0     386.0 204.6   205.0    -0.4
25.01           7   90233 “‹…         4227 96.0        964       386.0 200.0    0.     0 0     542.0  43.3    44.0    -0.7
29.01           8   90319 “‹…         4227 64.0          0       542.0   0.0    0.     0 0     519.0  23.1    23.0     0.1
31.01     1               “‹…         4227 0.0           0         0.0   0.0  560.     0 0       0.0   0.0     0.0     0.0
‘  5 31 ƒ€€†.…  10987 „ € 322780    1348.0     2668       402.0 560.0  560. 0     0     519.0 446.1   443.0     3.1
ƒ‘“„€‘’‚…›‰ O… … 0098
‚ ’ —‘‹…  ‚„’…‹
                          €‚ H.C.        5398 550.0       693               0.0           0             173.8  170.0      3.8
                          “‹…         4227 798.0      1975             560.0           0             272.3  273.0     -0.7
27.01           7   90272 …— A.C.      30661 108.0       329     5  88.0  60.0    0.     0 0     115.0  33.3    33.0     0.3
29.01           7   90296 …— A.C.      30661 64.0        153     2 115.0   0.0    0.     0 0      95.0  19.5    20.0    -0.5
31.01     1               …— A.C.      30661 0.0           0         0.0   0.0   60.     0 0       0.0   0.0     0.0     0.0
‘ 27 31 ƒ€€†.…  11606 „ € 330599    172.0       482     7  88.0 60.0    60. 0     0      95.0  52.8    53.0    -0.2
ƒ‘“„€‘’‚…›‰ O… €‚5980-7
27.01           8   90282 ‹‚— ‹.€.    30718 4.0           0        45.0   0.0    0.     0 0      44.0   1.2     1.0     0.2
28.01           8   90284 ‹‚— ‹.€.    30718 156.0         0     8  44.0 100.0    0.     0 0      94.0  48.3    50.0    -1.7
29.01           8   90308 ‹‚— ‹.€.    30718 158.0         0     9  94.0 100.0    0.     0 0     142.0  49.1    52.0    -2.9
31.01     1               ‹‚— ‹.€.    30718 0.0           0         0.0   0.0  200.     0 0       0.0   0.0     0.0     0.0
‘ 27 31 ƒ€€†.…  11614 „ € 330598    318.0         0    17  45.0 200.0  200. 0     0     142.0  98.6   103.0    -4.4
ƒ‘“„€‘’‚…›‰ O… €‚5978-7
22.01           5   90219 ‘’…“‹ €..      5230 84.0        244     4 114.0 100.0    0.     0 0     188.0  25.9    26.0    -0.1
25.01           5   90235 ‘’…“‹ €..      5230 86.0        210     3 188.0   0.0    0.     0 0     162.0  26.3    26.0     0.3
26.01           5   90242 ‘’…“‹ €..      5230 100.0       192     3 162.0   0.0    0.     0 0     131.0  30.4    31.0    -0.6
27.01           5   90273 ‘’…“‹ €..      5230 104.0       324     4 131.0   0.0    0.     0 0      99.0  31.9    32.0    -0.1
28.01           7   90286 ‘’…“‹ €..      5230 130.0       310     5  99.0   0.0    0.     0 0      60.0  39.8    39.0     0.8
29.01           7   90295 ‘’…“‹ €..      5230 68.0        142     2  60.0 100.0    0.     0 0     139.0  20.7    21.0    -0.3
31.01     1               ‘’…“‹ €..      5230 0.0           0         0.0   0.0  200.     0 0       0.0   0.0     0.0     0.0
‘ 22 31 ƒ€€†.…  11721 „ € 330602    572.0      1422    21 114.0 200.0  200. 0     0     139.0 175.0   175.0     0.0
ƒ‘“„€‘’‚…›‰ O… €0119-7
11.01           2   90138 ‹€“–‰ ”       8664 58.0        123     1  96.0   0.0    0.     0 0      79.0  17.5    17.0     0.5
12.01           3   90165 ‹€“–‰ ”       8664 4.0           0     1  79.0   0.0    0.     0 0      77.0   1.3     2.0    -0.7
13.01           2   90171 ‹€“–‰ ”       8664 100.0       281     3  77.0  80.0    0.     0 0     127.0  30.4    30.0     0.4
14.01           2   90182 ‹€“–‰ ”       8664 68.0         80     2 127.0   0.0    0.     0 0     106.0  20.7    21.0    -0.3
21.01           5   90190 ‹€“–‰ ”       8664 160.0       420     3 106.0  60.0    0.     0 0     118.0  48.2    48.0     0.2
22.01           5   90218 ‹€“–‰ ”       8664 118.0       332     3 118.0   0.0    0.     0 0      82.0  35.8    36.0    -0.2
23.01           5   90234 ‹€“–‰ ”       8664 156.0       242     4  82.0  90.0    0.     0 0     125.0  47.3    47.0     0.3
25.01           7   90236 ‹€“–‰ ”       8664 120.0       429     3 125.0   0.0    0.     0 0      92.0  36.3    33.0     3.3
27.01           7    9027 ‹€“–‰ ”       8664 90.0        170     3  92.0   0.0    0.     0 0      65.0  27.4    27.0     0.4
31.01     1               ‹€“–‰ ”       8664 0.0           0         0.0   0.0  230.     0 0       0.0   0.0     0.0     0.0
‘ 11 31 ƒ€€†.…  11738 „ € 330602    874.0      2077    23  96.0 230.0  230. 0     0      65.0 264.9   261.0     3.9
ƒ‘“„€‘’‚…›‰ O… €0118-7
04.01           3   90121 “‘‰ ‹..      9050 179.0         0        62.0   0.0    0.     0 0      30.0  32.2    32.0     0.2
05.01           3   90125 “‘‰ ‹..      9050 179.0         0        30.0  75.0    0.     0 0      72.0  32.2    33.0    -0.8
06.01           3   90161 “‘‰ ‹..      9050 179.0         0        72.0   0.0    0.     0 0      40.0  32.2    32.0     0.2
11.01           3   90140 “‘‰ ‹..      9050 179.0         0        40.0  55.0    0.     0 0      63.0  32.2    32.0     0.2
12.01           3   90147 “‘‰ ‹..      9050 178.0         0        63.0   0.0    0.     0 0      30.0  32.0    33.0    -1.0
--------------------------------------------------------------------------------------------------------------------------------
 ƒ "¨­ααβΰ®©"                                                                        „ ”› 593952
                                           ‘‚…„…
                                   €‘•„… ’‹‚€  ‡€ ‚€        2021  ƒ„
62014                                      „€’€ ‘—…’€ 10/03/21                                 ‹‘’   3

--------------------------------------------------------------------------------------------------------------------------------
:    :- :“’…‚‰ ‹‘’ :    ‚  „  ’ … ‹     :…ƒ: ƒ“‡-:‹-:‘’€-: ‹“—…  :‚‡‚€™… :‘’€-:   € ‘ •  „  ::
:„€’€:… :-------------------------------------:      :       :—…‘’-: ’ : ‹ (“) : ‹ (“) : ’ :---------------: +:
:    :‚…„.:… :… :                 : ’€.:    : ’: ‚  :  :-----------:-----------:  :     : ”€’  :……-:
:    :    :€— :„“- :  ”€‹ ..   :…:      :       :…‡„:‚›…‡-:   :   :   :   :‚‡- : … : /‹ :€‘- :
:    :    :      :…’€ :                 :     :      :  ’  :     : „…  : /‹ :‚…„: /‹ :‚…„:‚€’…:       :       :•„ -:
--------------------------------------------------------------------------------------------------------------------------------
13.01           3   90170 “‘‰ ‹..      9050 178.0         0        30.0  70.0    0.     0 0      67.0  32.0    33.0    -1.0
14.01           3   90180 “‘‰ ‹..      9050 179.0         0        67.0   0.0    0.     0 0      35.0  32.2    32.0     0.2
15.01           3   90187 “‘‰ ‹..      9050 178.0         0        35.0  65.0    0.     0 0      68.0  32.0    32.0     0.0
18.01           4   90198 “‘‰ ‹..      9050 178.0         0        68.0   0.0    0.     0 0      36.0  32.0    32.0     0.0
19.01           4   90226 “‘‰ ‹..      9050 178.0         0        36.0   0.0    0.     0 0       6.0  32.0    30.0     2.0
20.01           4   90231 “‘‰ ‹..      9050 179.0         0         6.0  60.0    0.     0 0      34.0  32.2    32.0     0.2
22.01           4   90216 “‘‰ ‹..      9050 178.0         0        34.0  60.0    0.     0 0      62.0  32.0    32.0     0.0
25.01           4   90241 “‘‰ ‹..      9050 179.0         0        62.0   0.0    0.     0 0      30.0  32.2    32.0     0.2
26.01           4   90246 “‘‰ ‹..      9050 178.0         0        30.0  70.0    0.     0 0      68.0  32.0    32.0     0.0
27.01           4   90278 “‘‰ ‹..      9050 178.0         0        68.0   0.0    0.     0 0      36.0  32.0    32.0     0.0
28.01           8   90288 “‘‰ ‹..      9050 179.0         0        36.0  60.0    0.     0 0      64.0  32.2    32.0     0.2
29.01           8   90304 “‘‰ ‹..      9050 178.0         0        64.0   0.0    0.     0 0      32.0  32.0    32.0     0.0
31.01     1               …‰€ ..        4161 0.0           0         0.0   0.0  515.     0 0       0.0   0.0     0.0     0.0
‘  4 31 ƒ€€†.…  11746 „ € 310900    3034.0        0        62.0 515.0  515. 0     0      32.0 545.6   545.0     0.6
ƒ‘“„€‘’‚…›‰ O… €0116-7
‚ ’ —‘‹…  ‚„’…‹
                          “‘‰ ‹..      9050 3034.0        0             515.0           0             545.6  545.0      0.6
                          …‰€ ..        4161 0.0           0               0.0           0               0.0  0.0        0.0
29.01           7   90309 ‹‰ A.A.        2021 78.0        155     3 169.0   0.0    0.     0 0     145.0  23.9    24.0    -0.1
30.01           7   90310 ‹‰ A.A.        2021 104.0       102     2 145.0   0.0    0.     0 0     116.0  31.4    29.0     2.4
‘ 29 30 ƒ€€†.…  11754 „ € 330599    182.0       257     5 169.0 0.0      0. 0     0     116.0  55.3    53.0     2.3
ƒ‘“„€‘’‚…›‰ O… €1122-7
04.01           2   90086 € ‚ ‚         9318 64.0        206     2 123.0   0.0    0.     0 0     104.0  19.5    19.0     0.5
05.01           2   90087 € ‚ ‚         9318 194.0       851     3 104.0  60.0    0.     0 0     108.0  55.2    56.0    -0.8
06.01           2   90151 € ‚ ‚         9318 136.0       446     5 108.0  60.0    0.     0 0     127.0  41.6    41.0     0.6
11.01           2   90152 € ‚ ‚         9318 134.0       336     4 127.0   0.0    0.     0 0      87.0  40.7    40.0     0.7
12.01           2   90153 € ‚ ‚         9318 154.0       401     5  87.0   0.0    0.     0 0      40.0  46.9    47.0    -0.1
13.01           2   90154 € ‚ ‚         9318 96.0        241     3  40.0  70.0    0.     0 0      81.0  29.2    29.0     0.2
14.01           2   90155 € ‚ ‚         9318 116.0       325     4  81.0   0.0    0.     0 0      46.0  35.4    35.0     0.4
20.01           6   90156 € ‚ ‚         9318 42.0         94     2  46.0 100.0    0.     0 0     133.0  13.0    13.0     0.0
21.01           6   90157 € ‚ ‚         9318 116.0       423     4 133.0   0.0    0.     0 0      98.0  35.4    35.0     0.4
22.01           6   90206 € ‚ ‚         9318 144.0       393     6  98.0   0.0    0.     0 0      54.0  44.2    44.0     0.2
23.01           6   90207 € ‚ ‚         9318 132.0       286     5  54.0 100.0    0.     0 0     114.0  40.4    40.0     0.4
25.01           6   90208 € ‚ ‚         9318 156.0       420     7 114.0  80.0    0.     0 0     146.0  48.0    48.0     0.0
26.01           6   90251 € ‚ ‚         9318 274.0       844     6 146.0   0.0    0.     0 0      62.0  83.1    84.0    -0.9
27.01           6   90252 € ‚ ‚         9318 140.0       439     4  62.0  80.0    0.     0 0      99.0  42.5    43.0    -0.5
28.01           7   90253 € ‚ ‚         9318 188.0       502     6  99.0  45.0    0.     0 0      87.0  57.3    57.0     0.3
29.01           8   90261 € ‚ ‚         9318 20.0          0        87.0   0.0    0.     0 0      81.0   5.2     6.0    -0.8
30.01           7   90262 € ‚ ‚         9318 60.0        152     3  81.0   0.0    0.     0 0      63.0  18.5    18.0     0.5
31.01     1               € ‚ ‚         9318 0.0           0         0.0   0.0  595.     0 0       0.0   0.0     0.0     0.0
‘  4 31 ƒ€€†.…  11789 „ € 330599    2166.0     6359    69 123.0 595.0  595. 0     0      63.0 656.1   655.0     1.1
ƒ‘“„€‘’‚…›‰ O… AM9776-7
04.01           1   90123 €—‹ € €        9024 86.0         28     1 190.0   0.0    0.     0 0     165.0  25.8    25.0     0.8
05.01           1   90129 €—‹ € €        9024 130.0       248     2 165.0  50.0    0.     0 0     176.0  39.1    39.0     0.1
06.01           1   90130 €—‹ € €        9024 130.0       161     2 176.0   0.0    0.     0 0     137.0  39.1    39.0     0.1
07.01           1   90133 €—‹ € €        9024 210.0       452     3 137.0  80.0    0.     0 0     154.0  63.0    63.0     0.0
08.01           1   90134 €—‹ € €        9024 268.0       485     4 154.0  70.0    0.     0 0     144.0  80.5    80.0     0.5
09.01           1   90135 €—‹ € €        9024 152.0        79     2 144.0   0.0    0.     0 0      98.0  45.6    46.0    -0.4
10.01           1   90136 €—‹ € €        9024 210.0       188     3  98.0 100.0    0.     0 0     135.0  63.0    63.0     0.0
11.01           1   90137 €—‹ € €        9024 210.0       255     3 135.0  70.0    0.     0 0     142.0  63.0    63.0     0.0
12.01           1   90149 €—‹ € €        9024 202.0       171     3 142.0  60.0    0.     0 0     141.0  60.7    61.0    -0.3
13.01           1   90172 €—‹ € €        9024 152.0        99     2 141.0  60.0    0.     0 0     156.0  45.6    45.0     0.6
14.01           1   90183 €—‹ € €        9024 180.0       317     3 156.0   0.0    0.     0 0     102.0  54.1    54.0     0.1
15.01           1   90189 €—‹ € €        9024 206.0       282     3 102.0 100.0    0.     0 0     142.0  60.4    60.0     0.4
--------------------------------------------------------------------------------------------------------------------------------
 ƒ "¨­ααβΰ®©"                                                                        „ ”› 593952
                                           ‘‚…„…
                                   €‘•„… ’‹‚€  ‡€ ‚€        2021  ƒ„
62014                                      „€’€ ‘—…’€ 10/03/21                                 ‹‘’   4

--------------------------------------------------------------------------------------------------------------------------------
:    :- :“’…‚‰ ‹‘’ :    ‚  „  ’ … ‹     :…ƒ: ƒ“‡-:‹-:‘’€-: ‹“—…  :‚‡‚€™… :‘’€-:   € ‘ •  „  ::
:„€’€:… :-------------------------------------:      :       :—…‘’-: ’ : ‹ (“) : ‹ (“) : ’ :---------------: +:
:    :‚…„.:… :… :                 : ’€.:    : ’: ‚  :  :-----------:-----------:  :     : ”€’  :……-:
:    :    :€— :„“- :  ”€‹ ..   :…:      :       :…‡„:‚›…‡-:   :   :   :   :‚‡- : … : /‹ :€‘- :
:    :    :      :…’€ :                 :     :      :  ’  :     : „…  : /‹ :‚…„: /‹ :‚…„:‚€’…:       :       :•„ -:
--------------------------------------------------------------------------------------------------------------------------------
20.01           5   90229 €—‹ € €        9024 144.0       187     2 142.0   0.0    0.     0 0      99.0  43.2    43.0     0.2
21.01           5   90194 €—‹ € €        9024 136.0       138     2  99.0 100.0    0.     0 0     158.0  40.8    41.0    -0.2
22.01           5   90222 €—‹ € €        9024 182.0       490     3 158.0  50.0    0.     0 0     153.0  54.7    55.0    -0.3
23.01           5   90223 €—‹ € €        9024 152.0       278     2 153.0   0.0    0.     0 0     108.0  45.6    45.0     0.6
24.01           5   90224 €—‹ € €        9024 376.0       817     3 108.0 100.0    0.     0 0     103.0 105.0   105.0     0.0
25.01           5   90225 €—‹ € €        9024 134.0       239     2 103.0 100.0    0.     0 0     163.0  40.2    40.0     0.2
26.01           5   90243 €—‹ € €        9024 134.0       186     2 163.0   0.0    0.     0 0     123.0  40.2    40.0     0.2
27.01           5   90274 €—‹ € €        9024 208.0       318     5 123.0  80.0    0.     0 0     140.0  63.0    63.0     0.0
28.01           5   90283 €—‹ € €        9024 134.0       220     3 140.0  60.0    0.     0 0     160.0  40.5    40.0     0.5
29.01           7   90299 €—‹ € €        9024 86.0         55     1 160.0  50.0    0.     0 0     184.0  25.8    26.0    -0.2
30.01           7   90323 €—‹ € €        9024 86.0         55     1 184.0   0.0    0.     0 0     158.0  25.8    26.0    -0.2
31.01     1               €—‹ € €        9024 0.0           0         0.0   0.0 1130.     0 0       0.0   0.0     0.0     0.0
‘  4 31 ƒ€€†.…  11801 „ € 330599    3908.0     5748    57 190.0 1130. 1130. 0     0     158.0 1164.7 1162.0     2.7
ƒ‘“„€‘’‚…›‰ O… AM9778-7
06.01           2   90131 ‹•’… ‹.‹.   32212 78.0        163     2 149.0   0.0    0.     0 0     125.0  23.6    24.0    -0.4
11.01           2   90177 ‹•’… ‹.‹.   32212 92.0        250     4 125.0  90.0    0.     0 0     188.0  28.3    27.0     1.3
15.01           2   90192 ‹€“–‰ ”       8664 54.0        128     1 188.0   0.0    0.     0 0     172.0  16.3    16.0     0.3
31.01     1               ‹•’… ‹.‹.   32212 0.0           0         0.0   0.0   90.     0 0       0.0   0.0     0.0     0.0
‘  6 31 ƒ€€†.…  11819 „ € 330602    224.0       541     7 149.0 90.0    90. 0     0     172.0  68.2    67.0     1.2
ƒ‘“„€‘’‚…›‰ O… €H3129-7
‚ ’ —‘‹…  ‚„’…‹
                          ‹•’… ‹.‹.   32212 170.0       412              90.0           0              51.9  51.0       0.9
                          ‹€“–‰ ”       8664 54.0        128               0.0           0              16.3  16.0       0.3
12.01           3   90150 €’›‚ ‚..    19061 149.0         0     3 215.0   0.0    0.     0 0     147.0  67.2    68.0    -0.8
13.01           3   90173 €’›‚ ‚..    19061 162.0         0     3 147.0 150.0    0.     0 0     225.0  72.9    72.0     0.9
15.01           4   90193 €’›‚ ‚..    19061 68.0          0     1 225.0   0.0    0.     0 0     194.0  30.5    31.0    -0.5
29.01           8   90322 €’›‚ ‚..    19061 12.0          0       194.0   0.0    0.     0 0     189.0   4.7     5.0    -0.3
31.01     1               €’›‚ ‚..    19061 0.0           0         0.0   0.0  150.     0 0       0.0   0.0     0.0     0.0
‘ 12 31 ƒ€€†.…  12246 „ € 330600    391.0         0     7 215.0 150.0  150. 0     0     189.0 175.3   176.0    -0.7
ƒ‘“„€‘’‚…›‰ O… €I1335-7
14.01           8   90184 —……‚ B..    32298 10.0          0       139.0 150.0    0.     0 0     285.0   3.9     4.0    -0.1
15.01           8   90191 —……‚ B..    32298 98.0          0     2 285.0   0.0    0.     0 0     240.0  45.2    45.0     0.2
31.01     1               —……‚ B..    32298 0.0           0         0.0   0.0  150.     0 0       0.0   0.0     0.0     0.0
‘ 14 31 ƒ€€†.…  12254 „ € 330601    108.0         0     2 139.0 150.0  150. 0     0     240.0  49.1    49.0     0.1
ƒ‘“„€‘’‚…›‰ O… €I4259-7
12.01           4   90162 ‘–€ .€.       1904 48.0          0     1 268.0 100.0    0.     0 0     345.0  22.1    23.0    -0.9
31.01     1               ‘–€ .€.       1904 0.0           0         0.0   0.0  100.     0 0       0.0   0.0     0.0     0.0
‘ 12 31 ƒ€€†.…  12271 „ € 330601    48.0          0     1 268.0 100.0  100. 0     0     345.0  22.1    23.0    -0.9
ƒ‘“„€‘’‚…›‰ O… AP0194-7
11.01           3   90143 ‘–€ .€.       1904 11.0          0     1 242.0   0.0    0.     0 0     238.0   4.8     4.0     0.8
‘ 11 11 ƒ€€†.…  12289 „ € 330600    11.0          0     1 242.0 0.0      0. 0     0     238.0   4.8     4.0     0.8
ƒ‘“„€‘’‚…›‰ O… €3459-7
11.01           3   90142 €‡€— ‚ €     5970 10.0          0     1 170.0   0.0    0.     0 0     165.0   5.0     5.0     0.0
26.01           4   90248 €‡€— ‚ €     5970 214.0         0     3 165.0 150.0    0.     0 0     208.0 107.3   107.0     0.3
27.01           4   90275 €‡€— ‚ €     5970 214.0         0     3 208.0 100.0    0.     0 0     201.0 107.3   107.0     0.3
28.01           8   90292 €‡€— ‚ €     5970 214.0         0     3 201.0 100.0    0.     0 0     194.0 107.3   107.0     0.3
29.01           8   90307 €‡€— ‚ €     5970 21.0          0       194.0   0.0    0.     0 0     184.0   8.4    10.0    -1.6
31.01     1               €‡€— ‚ €     5970 0.0           0         0.0   0.0  350.     0 0       0.0   0.0     0.0     0.0
‘ 11 31 ƒ€€†.…  12319 „ € 330605    673.0         0    10 170.0 350.0  350. 0     0     184.0 335.3   336.0    -0.7
ƒ‘“„€‘’‚…›‰ O… €C1817-7
06.01           3   90158 ‚€         13470 10.0          0     1 260.0   0.0    0.     0 0     255.0   5.0     5.0     0.0
25.01           5   90237 ‚€         13470 169.0      2491     3 255.0   0.0    0.     0 0     174.0  81.8    81.0     0.8
26.01           5   90244 ‚€         13470 120.0      1411     2 174.0 150.0    0.     0 0     267.0  58.1    57.0     1.1
29.01           8   90302 ‚€         13470 214.0         0     3 267.0  72.0    0.     0 0     232.0 107.3   107.0     0.3
--------------------------------------------------------------------------------------------------------------------------------
 ƒ "¨­ααβΰ®©"                                                                        „ ”› 593952
                                           ‘‚…„…
                                   €‘•„… ’‹‚€  ‡€ ‚€        2021  ƒ„
62014                                      „€’€ ‘—…’€ 10/03/21                                 ‹‘’   5

--------------------------------------------------------------------------------------------------------------------------------
:    :- :“’…‚‰ ‹‘’ :    ‚  „  ’ … ‹     :…ƒ: ƒ“‡-:‹-:‘’€-: ‹“—…  :‚‡‚€™… :‘’€-:   € ‘ •  „  ::
:„€’€:… :-------------------------------------:      :       :—…‘’-: ’ : ‹ (“) : ‹ (“) : ’ :---------------: +:
:    :‚…„.:… :… :                 : ’€.:    : ’: ‚  :  :-----------:-----------:  :     : ”€’  :……-:
:    :    :€— :„“- :  ”€‹ ..   :…:      :       :…‡„:‚›…‡-:   :   :   :   :‚‡- : … : /‹ :€‘- :
:    :    :      :…’€ :                 :     :      :  ’  :     : „…  : /‹ :‚…„: /‹ :‚…„:‚€’…:       :       :•„ -:
--------------------------------------------------------------------------------------------------------------------------------
31.01     1               ‚€         13470 0.0           0         0.0   0.0  222.     0 0       0.0   0.0     0.0     0.0
‘  6 31 ƒ€€†.…  12327 „ € 330605    513.0      3902     9 260.0 222.0  222. 0     0     232.0 252.2   250.0     2.2
ƒ‘“„€‘’‚…›‰ O… €C1818-7
11.01           3   90159 €‘‚‘‰ ‹.E.   9921 20.0          0     1  83.0 150.0    0.     0 0     225.0   8.2     8.0     0.2
26.01           4   90249 €‘‚‘‰ ‹.E.   9921 214.0         0     3 225.0 160.0    0.     0 0     289.0  96.7    96.0     0.7
27.01           4   90276 €‘‚‘‰ ‹.E.   9921 214.0         0     3 289.0  70.0    0.     0 0     263.0  96.7    96.0     0.7
28.01           8   90293 €‘‚‘‰ ‹.E.   9921 214.0         0     3 263.0 120.0    0.     0 0     286.0  96.7    97.0    -0.3
29.01           8   90301 €‘‚‘‰ ‹.E.   9921 214.0         0     3 286.0 140.0    0.     0 0     330.0  96.7    96.0     0.7
31.01     1               €‘‚‘‰ ‹.E.   9921 0.0           0         0.0   0.0  640.     0 0       0.0   0.0     0.0     0.0
‘ 11 31 ƒ€€†.…  12335 „ € 330606    876.0         0    13  83.0 640.0  640. 0     0     330.0 395.0   393.0     2.0
ƒ‘“„€‘’‚…›‰ O… €C3419-7
06.01           3   90160 €“”… B.B.   5673 10.0          0     1 228.0   0.0    0.     0 0     224.0   4.6     4.0     0.6
12.01           3   90164 €“”… B.B.   5673 137.0         0     3 224.0 100.0    0.     0 0     261.0  63.0    63.0     0.0
13.01           3   90175 €“”… B.B.   5673 111.0         0     2 261.0   0.0    0.     0 0     211.0  50.6    50.0     0.6
16.01           3   90211 €“”… B.B.   5673 112.0         0     4 211.0 100.0    0.     0 0     258.0  53.0    53.0     0.0
28.01           7   90294 €“”… B.B.   5673 229.0      1824     2 258.0 180.0    0.     0 0     344.0  94.3    94.0     0.3
29.01           7   90297 €“”… B.B.   5673 299.0      2475     3 344.0 120.0    0.     0 0     344.0 122.8   120.0     2.8
31.01     1               €“”… B.B.   5673 0.0           0         0.0   0.0  500.     0 0       0.0   0.0     0.0     0.0
‘  6 31 ƒ€€†.…  12343 „ € 330606    898.0      4299    15 228.0 500.0  500. 0     0     344.0 388.3   384.0     4.3
ƒ‘“„€‘’‚…›‰ O… €C3420-7
12.01           3   90163 ‘‹€ .C.       3565 147.0         0     6 287.0 120.0    0.     0 0     334.0  72.5    73.0    -0.5
13.01           3   90174 ‘‹€ .C.       3565 110.0         0     2 334.0   0.0    0.     0 0     280.0  53.0    54.0    -1.0
16.01           4   90212 ‘‹€ .C.       3565 78.0          0     2 280.0 100.0    0.     0 0     342.0  37.9    38.0    -0.1
29.01           7   90298 ‘‹€ .C.       3565 299.0      2422     3 342.0 150.0    0.     0 0     367.0 130.9   125.0     5.9
31.01     1               ‘‹€ .C.       3565 0.0           0         0.0   0.0  370.     0 0       0.0   0.0     0.0     0.0
‘ 12 31 ƒ€€†.…  12350 „ € 330610    634.0      2422    13 287.0 370.0  370. 0     0     367.0 294.3   290.0     4.3
ƒ‘“„€‘’‚…›‰ O… €T0777-7
04.01           3   90122 €“ B.M.     9075 165.0         0        97.0 150.0    0.     0 0     167.0  80.2    80.0     0.2
31.01     1               €“ B.M.     9075 0.0           0         0.0   0.0  150.     0 0       0.0   0.0     0.0     0.0
‘  4 31 ƒ€€†.…  13072 „ € 340502    165.0         0        97.0 150.0  150. 0     0     167.0  80.2    80.0     0.2
ƒ‘“„€‘’‚…›‰ O… AC1994-7
11.01         900   90144 ‘’›ƒ€ ..         25 34.0          0        34.0   0.0    0.     0 0      19.0  15.2    15.0     0.2
12.01         900   90146 ‘’›ƒ€ ..         25 0.0           0        19.0   0.0    0.     0 0      19.0   0.0     0.0     0.0
13.01         900   90168 ‘’›ƒ€ ..         25 9.0           0        19.0 100.0    0.     0 0     115.0   4.0     4.0     0.0
14.01         900   90179 ‘’›ƒ€ ..         25 0.0           0       115.0   0.0    0.     0 0     115.0   0.0     0.0     0.0
15.01         900   90186 ‘’›ƒ€ ..         25 19.0          0       115.0   0.0    0.     0 0     107.0   8.5     8.0     0.5
18.01         900   90196 ‘’›ƒ€ ..         25 22.0          0       107.0   0.0    0.     0 0      97.0   9.9    10.0    -0.1
19.01         900   90228 ‘’›ƒ€ ..         25 0.0           0        97.0   0.0    0.     0 0      97.0   0.0     0.0     0.0
20.01         900   90202 ‘’›ƒ€ ..         25 0.0           0        97.0   0.0    0.     0 0      97.0   0.0     0.0     0.0
21.01         900   90204 ‘’›ƒ€ ..         25 45.0          0        97.0   0.0    0.     0 0      77.0  20.2    20.0     0.2
22.01         900   90221 ‘’›ƒ€ ..         25 31.0          0        77.0   0.0    0.     0 0      63.0  13.9    14.0    -0.1
25.01         900   90240 ‘’›ƒ€ ..         25 39.0          0        63.0   0.0    0.     0 0      46.0  17.5    17.0     0.5
26.01         900   90260 ‘’›ƒ€ ..         25 0.0           0        46.0   0.0    0.     0 0      46.0   0.0     0.0     0.0
27.01         900   90280 ‘’›ƒ€ ..         25 25.0          0        46.0   0.0    0.     0 0      35.0  11.2    11.0     0.2
28.01         900   90291 ‘’›ƒ€ ..         25 27.0          0        35.0  60.0    0.     0 0      83.0  12.1    12.0     0.1
29.01         900   90306 ‘’›ƒ€ ..         25 31.0          0        83.0   0.0    0.     0 0      69.0  13.9    14.0    -0.1
31.01     1               ‘’›ƒ€ ..         25 0.0           0         0.0   0.0  160.     0 0       0.0   0.0     0.0     0.0
‘ 11 31 ƒ€€†.…  14915 „ € 361526    282.0         0        34.0 160.0  160. 0     0      69.0 126.4   125.0     1.4
ƒ‘“„€‘’‚…›‰ O… ‘ 22-61
’ƒ  ‹…
…‡ €-92                                         2484                      305.          0                         290.
                                                                0                   305.0    0                294.      4.8
…‡ €-95                                          697                       80.          0                          85.
                                                                0                    80.0    0                 85.      0.6
--------------------------------------------------------------------------------------------------------------------------------
 ƒ "¨­ααβΰ®©"                                                                        „ ”› 593952
                                           ‘‚…„…
                                   €‘•„… ’‹‚€  ‡€ ‚€        2021  ƒ„
62014                                      „€’€ ‘—…’€ 10/03/21                                 ‹‘’   6

--------------------------------------------------------------------------------------------------------------------------------
:    :- :“’…‚‰ ‹‘’ :    ‚  „  ’ … ‹     :…ƒ: ƒ“‡-:‹-:‘’€-: ‹“—…  :‚‡‚€™… :‘’€-:   € ‘ •  „  ::
:„€’€:… :-------------------------------------:      :       :—…‘’-: ’ : ‹ (“) : ‹ (“) : ’ :---------------: +:
:    :‚…„.:… :… :                 : ’€.:    : ’: ‚  :  :-----------:-----------:  :     : ”€’  :……-:
:    :    :€— :„“- :  ”€‹ ..   :…:      :       :…‡„:‚›…‡-:   :   :   :   :‚‡- : … : /‹ :€‘- :
:    :    :      :…’€ :                 :     :      :  ’  :     : „…  : /‹ :‚…„: /‹ :‚…„:‚€’…:       :       :•„ -:
--------------------------------------------------------------------------------------------------------------------------------
„‡’‹‚                                          21913          277        8272.          0                        7329.
                                                            44221                  8272.0    0               7414.      85.6
                                „‡’‹‚
’ƒ  €
…‡ €-92                                     2484.0                    305.0       0                           290.0
                                                                0                305.00      0            294.8         4.8
…‡ €-95                                     697.0                     80.0        0                           85.1
                                                                0                80.00       0            85.7          0.6
„‡’‹‚                                       21913.0           277     8272.0      0                           7329.0
                                                            44221                8272.00     0            7414.6        85.6
