 ƒ "¨­ααβΰ®©"                                                                        „ ”› 593952
                                           ‘‚…„…
                                   €‘•„… ’‹‚€  ‡€           2020  ƒ„
62014                                      „€’€ ‘—…’€ 29/07/20                                 ‹‘’   1

--------------------------------------------------------------------------------------------------------------------------------
:    :- :“’…‚‰ ‹‘’ :    ‚  „  ’ … ‹     :…ƒ: ƒ“‡-:‹-:‘’€-: ‹“—…  :‚‡‚€™… :‘’€-:   € ‘ •  „  ::
:„€’€:… :-------------------------------------:      :       :—…‘’-: ’ : ‹ (“) : ‹ (“) : ’ :---------------: +:
:    :‚…„.:… :… :                 : ’€.:    : ’: ‚  :  :-----------:-----------:  :     : ”€’  :……-:
:    :    :€— :„“- :  ”€‹ ..   :…:      :       :…‡„:‚›…‡-:   :   :   :   :‚‡- : … : /‹ :€‘- :
:    :    :      :…’€ :                 :     :      :  ’  :     : „…  : /‹ :‚…„: /‹ :‚…„:‚€’…:       :       :•„ -:
--------------------------------------------------------------------------------------------------------------------------------
                                …‡ €-92
01.06         900   86925 ƒ…€ ‚ ‘        9253 96.0          0        33.0   0.0    0.     0 0      20.0  13.1    13.0     0.1
02.06         900   86916 ƒ…€ ‚ ‘        9253 65.0          0        20.0   0.0    0.     0 0      11.0   8.9     9.0    -0.1
03.06         900   86965 ƒ…€ ‚ ‘        9253 65.0          0        11.0  35.0    0.     0 0      37.0   8.9     9.0    -0.1
04.06         900   86984 ƒ…€ ‚ ‘        9253 80.0          0        37.0   0.0    0.     0 0      27.0  10.9    10.0     0.9
05.06         900   87007 ƒ…€ ‚ ‘        9253 82.0          0        27.0   0.0    0.     0 0      16.0  11.2    11.0     0.2
08.06         900   87031 ƒ…€ ‚ ‘        9253 98.0          0        16.0  25.0    0.     0 0      28.0  13.4    13.0     0.4
09.06         900   87059 ƒ…€ ‚ ‘        9253 89.0          0        28.0  20.0    0.     0 0      36.0  12.1    12.0     0.1
10.06         900   87094 ƒ…€ ‚ ‘        9253 101.0         0        36.0  16.0    0.     0 0      39.0  13.8    13.0     0.8
11.06         900   87097 ƒ…€ ‚ ‘        9253 100.0         0        39.0   0.0    0.     0 0      27.0  13.6    12.0     1.6
12.06         900   87117 ƒ…€ ‚ ‘        9253 88.0          0        27.0   0.0    0.     0 0      15.0  12.0    12.0     0.0
15.06         901   87138 ƒ…€ ‚ ‘        9253 82.0          0        15.0  20.0    0.     0 0      24.0  11.2    11.0     0.2
16.06         901   87168 ƒ…€ ‚ ‘        9253 81.0          0        24.0  20.0    0.     0 0      33.0  11.0    11.0     0.0
17.06         901   87191 ƒ…€ ‚ ‘        9253 81.0          0        33.0   0.0    0.     0 0      22.0  11.0    11.0     0.0
18.06         901   87221 ƒ…€ ‚ ‘        9253 103.0         0        22.0   0.0    0.     0 0       8.0  14.0    14.0     0.0
19.06         901   87198 ƒ…€ ‚ ‘        9253 85.0          0         8.0  10.0    0.     0 0       7.0  11.6    11.0     0.6
22.06         901   87262 ƒ…€ ‚ ‘        9253 50.0          0         7.0   0.0    0.     0 0       1.0   6.8     6.0     0.8
23.06         901   87291 ƒ…€ ‚ ‘        9253 103.0         0         1.0  40.0    0.     0 0      27.0  14.0    14.0     0.0
24.06         901   87331 ƒ…€ ‚ ‘        9253 87.0          0        27.0   0.0    0.     0 0      15.0  11.9    12.0    -0.1
25.06         901   87301 ƒ…€ ‚ ‘        9253 103.0         0        15.0  15.0    0.     0 0      16.0  14.0    14.0     0.0
26.06         901   87366 ƒ…€ ‚ ‘        9253 103.0         0        16.0   0.0    0.     0 0       2.0  14.0    14.0     0.0
29.06         901   87392 ƒ…€ ‚ ‘        9253 2.0           0         2.0   0.0    0.     0 0       1.0   0.3     1.0    -0.7
30.06     2   901   87411 ƒ…€ ‚ ‘        9253 103.0         0         1.0  20.0  221.     0 0       7.0  14.0    14.0     0.0
‘  1 30 ƒ€€†.…  10049 „ € 220030    1847.0        0        33.0 221.0  221. 0     0       7.0 251.7   247.0     4.7
ƒ‘“„€‘’‚…›‰ O… €€6622-7
01.06         900  600772 €‹…•‚— € €    20017 600.0         0        39.0  60.0    0.     0 0      39.0  60.0    60.0     0.0
16.06         901  600774 €‹…•‚— € €    20017 613.0         0        39.0  60.0    0.     0 0      38.0  61.3    61.0     0.3
30.06     2               €‹…•‚— € €    20017 0.0           0         0.0   0.0  120.     0 0       0.0   0.0     0.0     0.0
‘  1 30 ƒ€€†.…  11118 „ € 113080    1213.0        0        39.0 120.0  120. 0     0      38.0 121.3   121.0     0.3
ƒ‘“„€‘’‚…›‰ O… 80-28€…7
                                …‡ €-95
01.06         911  600771 ’‚ €.….     20525 480.0         0        29.4  40.0    0.     0 0      10.6  59.0    58.8     0.2
16.06         911  600773 ’‚ €.….     20525 663.0         0        10.6  80.0    0.     0 0       9.5  81.5    81.1     0.4
30.06     3               ’‚ €.….     20525 0.0           0         0.0   0.0  120.     0 0       0.0   0.0     0.0     0.0
‘  1 30 ƒ€€†.…  10014 „ € 113001    1143.0        0        29.4 120.0  120. 0     0       9.5 140.5   139.9     0.6
ƒ‘“„€‘’‚…›‰ O… 0014II-7
                                „‡’‹‚
01.06           3   86943 €‹ A.B.          27 111.0       909       274.0   0.0    0.     0 0     229.0  46.3    45.0     1.3
02.06           1   86961 €‹ A.B.          27 149.0         0       229.0   0.0    0.     0 0     177.0  52.3    52.0     0.3
04.06           6   86999 €‹ A.B.          27 80.0        818       177.0   0.0    0.     0 0     142.0  35.3    35.0     0.3
05.06           6   87020 €‹ A.B.          27 107.0      1036       142.0 300.0    0.     0 0     398.0  46.6    44.0     2.6
08.06           6   87048 €‹ A.B.          27 121.0      1147       398.0   0.0    0.     0 0     345.0  52.4    53.0    -0.6
09.06           9   87067 €‹ A.B.          27 136.0      1188       345.0   0.0    0.     0 0     287.0  57.7    58.0    -0.3
10.06           9   87080 €‹ A.B.          27 121.0      1164       287.0   0.0    0.     0 0     244.0  52.6    43.0     9.6
11.06          14   87110 €‹ A.B.          27 136.0      1191       244.0   0.0    0.     0 0     187.0  57.7    57.0     0.7
12.06          15   87134 €‹ A.B.          27 283.0         0       187.0 300.0    0.     0 0     358.0 129.1   129.0     0.1
15.06          16   87167 €‹ A.B.          27 121.0      1177       358.0   0.0    0.     0 0     308.0  52.7    50.0     2.7
16.06          16   87179 €‹ A.B.          27 95.0        582       308.0   0.0    0.     0 0     271.0  37.3    37.0     0.3
19.06          19   87261 €‹ A.B.          27 138.0      1212       271.0  50.0    0.     0 0     262.0  58.6    59.0    -0.4
22.06          19   87281 €‹ A.B.          27 153.0      1139       262.0   0.0    0.     0 0     200.0  62.5    62.0     0.5
23.06          20   87294 €‹ A.B.          27 222.0         0       200.0 300.0    0.     0 0     408.0  93.0    92.0     1.0
24.06          24   87349 €‹ A.B.          27 126.0      1235       408.0   0.0    0.     0 0     343.0  55.0    65.0   -10.0
25.06          24   87357 €‹ A.B.          27 121.0      1187       343.0   0.0    0.     0 0     285.0  52.9    58.0    -5.1
--------------------------------------------------------------------------------------------------------------------------------
 ƒ "¨­ααβΰ®©"                                                                        „ ”› 593952
                                           ‘‚…„…
                                   €‘•„… ’‹‚€  ‡€           2020  ƒ„
62014                                      „€’€ ‘—…’€ 29/07/20                                 ‹‘’   2

--------------------------------------------------------------------------------------------------------------------------------
:    :- :“’…‚‰ ‹‘’ :    ‚  „  ’ … ‹     :…ƒ: ƒ“‡-:‹-:‘’€-: ‹“—…  :‚‡‚€™… :‘’€-:   € ‘ •  „  ::
:„€’€:… :-------------------------------------:      :       :—…‘’-: ’ : ‹ (“) : ‹ (“) : ’ :---------------: +:
:    :‚…„.:… :… :                 : ’€.:    : ’: ‚  :  :-----------:-----------:  :     : ”€’  :……-:
:    :    :€— :„“- :  ”€‹ ..   :…:      :       :…‡„:‚›…‡-:   :   :   :   :‚‡- : … : /‹ :€‘- :
:    :    :      :…’€ :                 :     :      :  ’  :     : „…  : /‹ :‚…„: /‹ :‚…„:‚€’…:       :       :•„ -:
--------------------------------------------------------------------------------------------------------------------------------
26.06          24   87384 €‹ A.B.          27 99.0        905       285.0   0.0    0.     0 0     242.0  42.5    43.0    -0.5
29.06          28   87416 €‹ A.B.          27 63.0        557       242.0   0.0    0.     0 0     215.0  26.8    27.0    -0.2
30.06     1    31   87430 €‹ A.B.          27 104.0       697       215.0   0.0  950.     0 0     171.0  41.6    44.0    -2.4
‘  1 30 ƒ€€†.…  10332 „ € 322773    2486.0    16144       274.0 950.0  950. 0     0     171.0 1052.9 1053.0    -0.1
ƒ‘“„€‘’‚…›‰ O… KM 2290
01.06           1   86945 €‚ H.C.        5398 135.0         0       223.0   0.0    0.     0 0     176.0  47.4    47.0     0.4
02.06           1   86958 €‚ H.C.        5398 129.0         0       176.0   0.0    0.     0 0     131.0  45.2    45.0     0.2
03.06           1   86971 €‚ H.C.        5398 149.0         0       131.0 150.0    0.     0 0     229.0  52.3    52.0     0.3
04.06           5   86988 €‚ H.C.        5398 139.0         0       229.0   0.0    0.     0 0     180.0  48.8    49.0    -0.2
05.06           5   87022 €‚ H.C.        5398 144.0         0       180.0   0.0    0.     0 0     130.0  50.5    50.0     0.5
08.06           5   87037 €‚ H.C.        5398 137.0         0       130.0   0.0    0.     0 0      75.0  54.9    55.0    -0.1
09.06           5   87062 €‚ H.C.        5398 147.0         0        75.0 150.0    0.     0 0     173.0  51.6    52.0    -0.4
10.06          10   87086 €‚ H.C.        5398 149.0         0       173.0 150.0    0.     0 0     280.0  52.3    43.0     9.3
11.06          10   87106 €‚ H.C.        5398 150.0         0       280.0   0.0    0.     0 0     228.0  52.6    52.0     0.6
12.06          15   87120 €‚ H.C.        5398 148.0         0       228.0   0.0    0.     0 0     176.0  51.9    52.0    -0.1
15.06          15   87141 €‚ H.C.        5398 149.0         0       176.0 150.0    0.     0 0     274.0  52.3    52.0     0.3
16.06          15   87171 €‚ H.C.        5398 151.0         0       274.0   0.0    0.     0 0     221.0  53.0    53.0     0.0
17.06          17   87218 €‚ H.C.        5398 145.0         0       221.0   0.0    0.     0 0     170.0  50.9    51.0    -0.1
18.06          17   87231 €‚ H.C.        5398 151.0         0       170.0   0.0    0.     0 0     115.0  57.0    55.0     2.0
19.06          17   87239 €‚ H.C.        5398 139.0         0       115.0   0.0    0.     0 0      59.0  48.8    56.0    -7.2
22.06          20   87265 €‚ H.C.        5398 145.0         0        59.0 150.0    0.     0 0     159.0  50.9    50.0     0.9
23.06          20   87296 €‚ H.C.        5398 139.0         0       159.0 150.0    0.     0 0     254.0  48.8    55.0    -6.2
24.06          22   87341 €‚ H.C.        5398 149.0         0       254.0   0.0    0.     0 0     195.0  52.3    59.0    -6.7
25.06          22   87305 €‚ H.C.        5398 147.0         0       195.0   0.0    0.     0 0     140.0  51.6    55.0    -3.4
26.06          25   87373 €‚ H.C.        5398 144.0         0       140.0   0.0    0.     0 0      87.0  50.5    53.0    -2.5
29.06          25   87395 €‚ H.C.        5398 141.0         0        87.0 150.0    0.     0 0     200.0  49.5    37.0    12.5
30.06     1    29   87421 €‚ H.C.        5398 147.0         0       200.0   0.0 1050.     0 0     148.0  51.6    52.0    -0.4
‘  1 30 ƒ€€†.…  10367 „ € 322773    3174.0        0       223.0 1050. 1050. 0     0     148.0 1124.7 1125.0    -0.3
ƒ‘“„€‘’‚…›‰ O… KI 0839
16.06          29   87189 “‹…         4227 21.0          0       287.0   0.0    0.     0 0     280.0   6.7     7.0    -0.3
‘ 16 16 ƒ€€†.…  10987 „ € 322780    21.0          0       287.0 0.0      0. 0     0     280.0   6.7     7.0    -0.3
ƒ‘“„€‘’‚…›‰ O… … 0098
01.06           2   86930 …— A.C.      30661 112.0       293     3 171.0  30.0    0.     0 0     167.0  34.0    34.0     0.0
02.06           2   86946 …— A.C.      30661 105.0       277     2 167.0  30.0    0.     0 0     166.0  31.6    31.0     0.6
03.06           2   86975 …— A.C.      30661 82.0        186     2 166.0  30.0    0.     0 0     171.0  24.8    25.0    -0.2
04.06           2   86990 …— A.C.      30661 124.0       403     3 171.0  30.0    0.     0 0     163.0  37.5    38.0    -0.5
05.06           4   87012 …— A.C.      30661 116.0       327     3 163.0  30.0    0.     0 0     158.0  35.2    35.0     0.2
08.06           4   87042 …— A.C.      30661 116.0       327     3 158.0  30.0    0.     0 0     153.0  35.2    35.0     0.2
09.06          11   87073 …— A.C.      30661 114.0       300     3 153.0  40.0    0.     0 0     158.0  34.6    35.0    -0.4
10.06          11   87078 …— A.C.      30661 118.0       381     3 158.0  30.0    0.     0 0     153.0  35.8    35.0     0.8
11.06          11   87102 …— A.C.      30661 96.0        226     2 153.0   0.0    0.     0 0     124.0  29.0    29.0     0.0
12.06          11   87126 …— A.C.      30661 82.0        186     2 124.0  30.0    0.     0 0     129.0  24.8    25.0    -0.2
15.06          11   87146 …— A.C.      30661 186.0       460     5 129.0  30.0    0.     0 0     103.0  56.4    56.0     0.4
16.06          13   87175 …— A.C.      30661 114.0       320     3 103.0  50.0    0.     0 0     118.0  34.6    35.0    -0.4
17.06          13   87217 …— A.C.      30661 98.0        233     2 118.0  30.0    0.     0 0     118.0  29.6    30.0    -0.4
18.06          13   87237 …— A.C.      30661 116.0       338     3 118.0  30.0    0.     0 0     113.0  35.2    35.0     0.2
19.06          18   87245 …— A.C.      30661 158.0       550     4 113.0  30.0    0.     0 0      95.0  47.9    48.0    -0.1
22.06          21   87267 …— A.C.      30661 74.0         92     2  95.0  60.0    0.     0 0     133.0  22.5    22.0     0.5
23.06          21   87317 …— A.C.      30661 118.0       334     3 133.0   0.0    0.     0 0      97.0  35.8    36.0    -0.2
24.06          23   87346 …— A.C.      30661 112.0       312     3  97.0  30.0    0.     0 0      93.0  34.0    34.0     0.0
25.06          23   87310 …— A.C.      30661 84.0        128     2  93.0  30.0    0.     0 0      98.0  25.4    25.0     0.4
26.06          23   87378 …— A.C.      30661 88.0        199     3  98.0  40.0    0.     0 0     111.0  26.9    27.0    -0.1
29.06          27   87398 …— A.C.      30661 110.0       287     3 111.0  30.0    0.     0 0     108.0  33.4    33.0     0.4
30.06     1    27   87431 …— A.C.      30661 84.0        149     2 108.0  30.0  670.     0 0     113.0  25.4    25.0     0.4
--------------------------------------------------------------------------------------------------------------------------------
 ƒ "¨­ααβΰ®©"                                                                        „ ”› 593952
                                           ‘‚…„…
                                   €‘•„… ’‹‚€  ‡€           2020  ƒ„
62014                                      „€’€ ‘—…’€ 29/07/20                                 ‹‘’   3

--------------------------------------------------------------------------------------------------------------------------------
:    :- :“’…‚‰ ‹‘’ :    ‚  „  ’ … ‹     :…ƒ: ƒ“‡-:‹-:‘’€-: ‹“—…  :‚‡‚€™… :‘’€-:   € ‘ •  „  ::
:„€’€:… :-------------------------------------:      :       :—…‘’-: ’ : ‹ (“) : ‹ (“) : ’ :---------------: +:
:    :‚…„.:… :… :                 : ’€.:    : ’: ‚  :  :-----------:-----------:  :     : ”€’  :……-:
:    :    :€— :„“- :  ”€‹ ..   :…:      :       :…‡„:‚›…‡-:   :   :   :   :‚‡- : … : /‹ :€‘- :
:    :    :      :…’€ :                 :     :      :  ’  :     : „…  : /‹ :‚…„: /‹ :‚…„:‚€’…:       :       :•„ -:
--------------------------------------------------------------------------------------------------------------------------------
‘  1 30 ƒ€€†.…  11606 „ € 330599    2407.0     6308    61 171.0 670.0  670. 0     0     113.0 729.6   728.0     1.6
ƒ‘“„€‘’‚…›‰ O… €‚5980-7
01.06           1   86927 ‹‚— ‹.€.    30718 218.0         0    15 155.0   0.0    0.     0 0      87.0  68.4    68.0     0.4
02.06           1   86923 ‹‚— ‹.€.    30718 168.0         0     8  87.0 100.0    0.     0 0     136.0  51.8    51.0     0.8
03.06           1   86973 ‹‚— ‹.€.    30718 175.0         0    10 136.0   0.0    0.     0 0      82.0  54.4    54.0     0.4
08.06           5   87039 ‹‚— ‹.€.    30718 169.0         0    15  82.0   0.0    0.     0 0      27.0  53.9    55.0    -1.1
09.06          10   87066 ‹‚— ‹.€.    30718 172.0         0    10  27.0 100.0    0.     0 0      74.0  53.5    53.0     0.5
10.06          10   87088 ‹‚— ‹.€.    30718 165.0         0    15  74.0 100.0    0.     0 0     123.0  52.7    51.0     1.7
11.06          10   87099 ‹‚— ‹.€.    30718 195.0         0    14 123.0   0.0    0.     0 0      62.0  61.3    61.0     0.3
12.06          10   87123 ‹‚— ‹.€.    30718 179.0         0    12  62.0 100.0    0.     0 0     106.0  56.1    56.0     0.1
13.06          10   87137 ‹‚— ‹.€.    30718 132.0         0    12 106.0   0.0    0.     0 0      64.0  42.2    42.0     0.2
15.06          10   87144 ‹‚— ‹.€.    30718 186.0         0    10  64.0 100.0    0.     0 0     107.0  57.7    57.0     0.7
16.06          15   87173 ‹‚— ‹.€.    30718 171.0         0    10 107.0   0.0    0.     0 0      54.0  53.2    53.0     0.2
17.06          15   87211 ‹‚— ‹.€.    30718 196.0         0    10  54.0 100.0    0.     0 0      94.0  60.6    60.0     0.6
18.06          20   87235 ‹‚— ‹.€.    30718 177.0         0    12  94.0   0.0    0.     0 0      40.0  55.5    54.0     1.5
25.06          25   87243 ‹‚— ‹.€.    30718 171.0         0    14  40.0 100.0    0.     0 0      85.0  54.2    55.0    -0.8
26.06          25   87278 ‹‚— ‹.€.    30718 180.0         0     5  85.0   0.0    0.     0 0      30.0  54.6    55.0    -0.4
29.06          25   87279 ‹‚— ‹.€.    30718 201.0         0     6  30.0 100.0    0.     0 0      70.0  61.1    60.0     1.1
30.06     1               ‹‚— ‹.€.    30718 0.0           0         0.0   0.0  800.     0 0       0.0   0.0     0.0     0.0
‘  1 30 ƒ€€†.…  11614 „ € 330598    2855.0        0   178 155.0 800.0  800. 0     0      70.0 891.2   885.0     6.2
ƒ‘“„€‘’‚…›‰ O… €‚5978-7
01.06           3   86933 €‚—“ ƒ.”.      9644 168.0       267     2 125.0  50.0    0.     0 0     125.0  48.7    50.0    -1.3
02.06           3   86949 €‚—“ ƒ.”.      9644 186.0       192     2 125.0   0.0    0.     0 0      70.0  54.1    55.0    -0.9
03.06           3   86979 €‚—“ ƒ.”.      9644 168.0       489     2  70.0  90.0    0.     0 0     110.0  48.7    50.0    -1.3
04.06           6   86994 €‚—“ ƒ.”.      9644 216.0       628     3 110.0  70.0    0.     0 0     115.0  63.3    65.0    -1.7
06.06           6   87014 €‚—“ ƒ.”.      9644 216.0       365     3 115.0  50.0    0.     0 0     100.0  63.3    65.0    -1.7
07.06           6   87030 €‚—“ ƒ.”.      9644 168.0       450     2 100.0 100.0    0.     0 0     150.0  48.7    50.0    -1.3
08.06           6   87047 €‚—“ ƒ.”.      9644 232.0       787     3 150.0  75.0    0.     0 0     150.0  68.1    75.0    -6.9
09.06           9   87069 €‚—“ ƒ.”.      9644 212.0       466     3 150.0   0.0    0.     0 0      85.0  63.6    65.0    -1.4
10.06           9   87091 €‚—“ ƒ.”.      9644 180.0       508     3  85.0  60.0    0.     0 0      90.0  54.1    55.0    -0.9
11.06          12   87104 €‚—“ ƒ.”.      9644 168.0       623     2  90.0 100.0    0.     0 0     140.0  48.7    50.0    -1.3
12.06          12   87128 €‚—“ ƒ.”.      9644 158.0       257     2 140.0   0.0    0.     0 0      95.0  47.4    45.0     2.4
13.06          12   87158 €‚—“ ƒ.”.      9644 216.0       740     3  95.0 100.0    0.     0 0     130.0  63.3    65.0    -1.7
14.06          12   87159 €‚—“ ƒ.”.      9644 84.0        247     1 130.0 100.0    0.     0 0     200.0  25.2    30.0    -4.8
15.06          16   87148 €‚—“ ƒ.”.      9644 314.0       711     4 200.0   0.0    0.     0 0     125.0  91.3    75.0    16.3
18.06          16   87178 €‚—“ ƒ.”.      9644 252.0       668     3 125.0   0.0    0.     0 0      60.0  72.5    65.0     7.5
19.06          16   87247 €‚—“ ƒ.”.      9644 168.0       534     2  60.0 100.0    0.     0 0     110.0  48.7    50.0    -1.3
22.06          19   87269 €‚—“ ƒ.”.      9644 288.0      1000     3 110.0  70.0    0.     0 0     100.0  81.8    80.0     1.8
23.06          19   87320 €‚—“ ƒ.”.      9644 172.0       334     3 100.0 100.0    0.     0 0     150.0  51.8    50.0     1.8
24.06          28   87348 €‚—“ ƒ.”.      9644 218.0       426     3 150.0   0.0    0.     0 0      85.0  64.0    65.0    -1.0
25.06          26   87356 €‚—“ ƒ.”.      9644 268.0       778     3  85.0 100.0    0.     0 0     105.0  77.5    80.0    -2.5
26.06          26   87385 €‚—“ ƒ.”.      9644 288.0       885     3 105.0  70.0    0.     0 0      95.0  82.0    80.0     2.0
27.06          26   87388 €‚—“ ƒ.”.      9644 100.0       144     1  95.0   0.0    0.     0 0      65.0  29.9    30.0    -0.1
28.06          26   87390 €‚—“ ƒ.”.      9644 204.0       529     2  65.0 100.0    0.     0 0     110.0  58.2    55.0     3.2
29.06          28   87412 €‚—“ ƒ.”.      9644 190.0       664     2 110.0 100.0    0.     0 0     160.0  54.1    50.0     4.1
30.06     1    30   87426 €‚—“ ƒ.”.      9644 186.0       361     2 160.0   0.0 1435.     0 0      98.0  54.2    62.0    -7.8
‘  1 30 ƒ€€†.…  11622 „ € 330598    5020.0    13053    62 125.0 1435. 1435. 0     0      98.0 1463.2 1462.0     1.2
ƒ‘“„€‘’‚…›‰ O… €‚5981-7
01.06           3   86932 ‘’…“‹ €..      5230 172.0       277     4  68.0 100.0    0.     0 0     116.0  52.0    52.0     0.0
02.06           8   86947 ‘’…“‹ €..      5230 116.0       272     3 116.0 100.0    0.     0 0     181.0  35.2    35.0     0.2
03.06           8   86976 ‘’…“‹ €..      5230 138.0       438     3 181.0   0.0    0.     0 0     139.0  41.7    42.0    -0.3
04.06           8   86991 ‘’…“‹ €..      5230 212.0       621     4 139.0 100.0    0.     0 0     175.0  63.9    64.0    -0.1
05.06           8   87013 ‘’…“‹ €..      5230 150.0       279     4 175.0   0.0    0.     0 0     129.0  45.5    46.0    -0.5
08.06           8   87043 ‘’…“‹ €..      5230 172.0       437     4 129.0   0.0    0.     0 0      77.0  52.0    52.0     0.0
--------------------------------------------------------------------------------------------------------------------------------
 ƒ "¨­ααβΰ®©"                                                                        „ ”› 593952
                                           ‘‚…„…
                                   €‘•„… ’‹‚€  ‡€           2020  ƒ„
62014                                      „€’€ ‘—…’€ 29/07/20                                 ‹‘’   4

--------------------------------------------------------------------------------------------------------------------------------
:    :- :“’…‚‰ ‹‘’ :    ‚  „  ’ … ‹     :…ƒ: ƒ“‡-:‹-:‘’€-: ‹“—…  :‚‡‚€™… :‘’€-:   € ‘ •  „  ::
:„€’€:… :-------------------------------------:      :       :—…‘’-: ’ : ‹ (“) : ‹ (“) : ’ :---------------: +:
:    :‚…„.:… :… :                 : ’€.:    : ’: ‚  :  :-----------:-----------:  :     : ”€’  :……-:
:    :    :€— :„“- :  ”€‹ ..   :…:      :       :…‡„:‚›…‡-:   :   :   :   :‚‡- : … : /‹ :€‘- :
:    :    :      :…’€ :                 :     :      :  ’  :     : „…  : /‹ :‚…„: /‹ :‚…„:‚€’…:       :       :•„ -:
--------------------------------------------------------------------------------------------------------------------------------
09.06           8   87068 ‘’…“‹ €..      5230 116.0       361     3  77.0   0.0    0.     0 0      42.0  35.2    35.0     0.2
10.06          12   87092 ‘’…“‹ €..      5230 154.0       196     4  42.0 100.0    0.     0 0      95.0  46.7    47.0    -0.3
11.06          31   87103 ‘’…“‹ €..      5230 116.0       189     3  95.0   0.0    0.     0 0      60.0  35.2    35.0     0.2
12.06          14   87127 ‘’…“‹ €..      5230 130.0       296     3  60.0 100.0    0.     0 0     121.0  39.3    39.0     0.3
15.06          14   87147 ‘’…“‹ €..      5230 88.0        231     2 121.0  80.0    0.     0 0     174.0  26.6    27.0    -0.4
16.06          19   87176 ‘’…“‹ €..      5230 116.0       348     3 174.0   0.0    0.     0 0     139.0  35.2    35.0     0.2
17.06          16   87215 ‘’…“‹ €..      5230 134.0       360     3 139.0   0.0    0.     0 0      98.0  40.5    41.0    -0.5
18.06          19   87238 ‘’…“‹ €..      5230 140.0       412     4  98.0   0.0    0.     0 0      56.0  42.5    42.0     0.5
19.06          19   87246 ‘’…“‹ €..      5230 126.0       144     3  56.0 100.0    0.     0 0     118.0  38.1    38.0     0.1
22.06          19   87268 ‘’…“‹ €..      5230 96.0         52     3 118.0   0.0    0.     0 0      89.0  29.2    29.0     0.2
23.06          26   87318 ‘’…“‹ €..      5230 120.0       405     3  89.0 100.0    0.     0 0     153.0  36.3    36.0     0.3
24.06          26   87347 ‘’…“‹ €..      5230 162.0       458     4 153.0   0.0    0.     0 0     104.0  49.1    49.0     0.1
25.06          26   87355 ‘’…“‹ €..      5230 164.0       549     4 104.0  80.0    0.     0 0     134.0  49.6    50.0    -0.4
26.06          30   87379 ‘’…“‹ €..      5230 120.0       148     3 134.0   0.0    0.     0 0      98.0  36.3    36.0     0.3
29.06          30   87399 ‘’…“‹ €..      5230 116.0       302     3  98.0  80.0    0.     0 0     143.0  35.2    35.0     0.2
30.06     1    30   87428 ‘’…“‹ €..      5230 96.0        146     2 143.0   0.0  940.     0 0     115.0  29.0    28.0     1.0
‘  1 30 ƒ€€†.…  11721 „ € 330602    2954.0     6921    72  68.0 940.0  940. 0     0     115.0 894.3   893.0     1.3
ƒ‘“„€‘’‚…›‰ O… €0119-7
01.06           3   86931 ‹€“–‰ ”       8664 96.0        169     2  96.0   0.0    0.     0 0      67.0  29.0    29.0     0.0
02.06           2   86950 ‹€“–‰ ”       8664 85.0        184     3  67.0   0.0    0.     0 0      41.0  26.0    26.0     0.0
03.06           7   86980 ‹€“–‰ ”       8664 74.0         88     2  41.0   0.0    0.     0 0      19.0  22.5    22.0     0.5
04.06           5   86998 ‹€“–‰ ”       8664 198.0         0     5  19.0 110.0    0.     0 0      69.0  60.0    60.0     0.0
05.06           5   87009 ‹€“–‰ ”       8664 176.0         0     8  69.0   0.0    0.     0 0      15.0  54.2    54.0     0.2
09.06          10   87064 ‹€“–‰ ”       8664 165.0         0     8  15.0  70.0    0.     0 0      35.0  50.9    50.0     0.9
10.06          10   87089 ‹€“–‰ ”       8664 174.0         0     8  35.0  40.0    0.     0 0      22.0  53.6    53.0     0.6
11.06         901   87116 ‹€“–‰ ”       8664 160.0         0     1  22.0 120.0    0.     0 0      94.0  47.7    48.0    -0.3
12.06          16   87135 ‹€“–‰ ”       8664 96.0        285     2  94.0   0.0    0.     0 0      65.0  29.0    29.0     0.0
15.06          28   87162 ‹€“–‰ ”       8664 92.0        163     2  65.0   0.0    0.     0 0      37.0  27.8    28.0    -0.2
18.06          18   87188 ‹€“–‰ ”       8664 152.0       489     3  37.0 120.0    0.     0 0     111.0  44.4    46.0    -1.6
19.06          21   87248 ‹€“–‰ ”       8664 112.0       157     3 111.0   0.0    0.     0 0      77.0  34.0    34.0     0.0
22.06          21   87280 ‹€“–‰ ”       8664 80.0        258     2  77.0   0.0    0.     0 0      53.0  24.2    24.0     0.2
23.06          25   87328 ‹€“–‰ ”       8664 168.0         0     6  53.0 120.0    0.     0 0     122.0  51.3    51.0     0.3
24.06          21   87351 ‹€“–‰ ”       8664 62.0         97     2 122.0   0.0    0.     0 0     103.0  18.9    19.0    -0.1
25.06          30   87321 ‹€“–‰ ”       8664 140.0       437     4 103.0   0.0    0.     0 0      60.0  42.5    43.0    -0.5
26.06          30   87380 ‹€“–‰ ”       8664 102.0       252     3  60.0 110.0    0.     0 0     139.0  31.0    31.0     0.0
29.06          30   87400 ‹€“–‰ ”       8664 124.0       283     3 139.0   0.0    0.     0 0     101.0  37.5    38.0    -0.5
30.06     1    30   87429 ‹€“–‰ ”       8664 106.0       363     3 101.0   0.0  690.     0 0      69.0  32.2    32.0     0.2
‘  1 30 ƒ€€†.…  11738 „ € 330602    2362.0     3225    70  96.0 690.0  690. 0     0      69.0 716.7   717.0    -0.3
ƒ‘“„€‘’‚…›‰ O… €0118-7
01.06           1   86944 …‰€ ..        4161 198.0         0        15.0  80.0    0.     0 0      60.0  35.6    35.0     0.6
02.06           1   86959 …‰€ ..        4161 198.0         0        60.0   0.0    0.     0 0      24.0  35.6    36.0    -0.4
03.06           1   86970 …‰€ ..        4161 194.0         0        24.0  80.0    0.     0 0      69.0  34.9    35.0    -0.1
04.06           5   86987 …‰€ ..        4161 198.0         0        69.0   0.0    0.     0 0      34.0  35.6    35.0     0.6
05.06           5   87021 …‰€ ..        4161 198.0         0        34.0  60.0    0.     0 0      58.0  35.6    36.0    -0.4
08.06           5   87036 …‰€ ..        4161 198.0         0        58.0   0.0    0.     0 0      23.0  35.6    35.0     0.6
09.06           5   87061 …‰€ ..        4161 196.0         0        23.0  70.0    0.     0 0      58.0  35.3    35.0     0.3
10.06          10   87085 …‰€ ..        4161 198.0         0        58.0   0.0    0.     0 0      22.0  35.6    36.0    -0.4
11.06          10   87107 …‰€ ..        4161 192.0         0        22.0 100.0    0.     0 0      87.0  34.6    35.0    -0.4
12.06          10   87119 …‰€ ..        4161 195.0         0        87.0   0.0    0.     0 0      52.0  35.1    35.0     0.1
15.06          15   87140 …‰€ ..        4161 195.0         0        52.0  70.0    0.     0 0      87.0  35.1    35.0     0.1
16.06          15   87170 …‰€ ..        4161 178.0         0        87.0   0.0    0.     0 0      55.0  32.0    32.0     0.0
17.06          15   87208 …‰€ ..        4161 157.0         0        55.0   0.0    0.     0 0      27.0  28.3    28.0     0.3
18.06          17   87230 …‰€ ..        4161 178.0         0        27.0  70.0    0.     0 0      65.0  32.0    32.0     0.0
19.06          17   87200 …‰€ ..        4161 179.0         0        65.0   0.0    0.     0 0      32.0  32.2    33.0    -0.8
--------------------------------------------------------------------------------------------------------------------------------
 ƒ "¨­ααβΰ®©"                                                                        „ ”› 593952
                                           ‘‚…„…
                                   €‘•„… ’‹‚€  ‡€           2020  ƒ„
62014                                      „€’€ ‘—…’€ 29/07/20                                 ‹‘’   5

--------------------------------------------------------------------------------------------------------------------------------
:    :- :“’…‚‰ ‹‘’ :    ‚  „  ’ … ‹     :…ƒ: ƒ“‡-:‹-:‘’€-: ‹“—…  :‚‡‚€™… :‘’€-:   € ‘ •  „  ::
:„€’€:… :-------------------------------------:      :       :—…‘’-: ’ : ‹ (“) : ‹ (“) : ’ :---------------: +:
:    :‚…„.:… :… :                 : ’€.:    : ’: ‚  :  :-----------:-----------:  :     : ”€’  :……-:
:    :    :€— :„“- :  ”€‹ ..   :…:      :       :…‡„:‚›…‡-:   :   :   :   :‚‡- : … : /‹ :€‘- :
:    :    :      :…’€ :                 :     :      :  ’  :     : „…  : /‹ :‚…„: /‹ :‚…„:‚€’…:       :       :•„ -:
--------------------------------------------------------------------------------------------------------------------------------
22.06          20   87264 …‰€ ..        4161 173.0         0        32.0  90.0    0.     0 0      90.0  31.1    32.0    -0.9
23.06          20   87295 …‰€ ..        4161 178.0         0        90.0   0.0    0.     0 0      58.0  32.0    32.0     0.0
24.06          20   87340 …‰€ ..        4161 177.0         0        58.0   0.0    0.     0 0      26.0  31.9    32.0    -0.1
25.06          25   87304 …‰€ ..        4161 175.0         0        26.0  70.0    0.     0 0      65.0  31.5    31.0     0.5
26.06          25   87372 …‰€ ..        4161 178.0         0        65.0   0.0    0.     0 0      33.0  32.0    32.0     0.0
29.06          25   87394 …‰€ ..        4161 172.0         0        33.0  80.0    0.     0 0      82.0  31.0    31.0     0.0
30.06     1    29   87420 …‰€ ..        4161 175.0         0        82.0   0.0  770.     0 0      50.0  31.5    32.0    -0.5
‘  1 30 ƒ€€†.…  11746 „ € 310900    4080.0        0        15.0 770.0  770. 0     0      50.0 734.1   735.0    -0.9
ƒ‘“„€‘’‚…›‰ O… €0116-7
01.06           2   86952 ‹‰ A.A.        2021 56.0        167     2  88.0   0.0    0.     0 0      71.0  17.1    17.0     0.1
04.06           4   86951 ‹‰ A.A.        2021 118.0       262     4  71.0 100.0    0.     0 0     135.0  36.0    36.0     0.0
05.06           4   86953 ‹‰ A.A.        2021 102.0       191     4 135.0   0.0    0.     0 0     104.0  31.3    31.0     0.3
06.06           4   87001 ‹‰ A.A.        2021 46.0         78     2 104.0  90.0    0.     0 0     180.0  14.1    14.0     0.1
08.06           4   87002 ‹‰ A.A.        2021 106.0       229     4 180.0   0.0    0.     0 0     148.0  32.4    32.0     0.4
09.06           7   87003 ‹‰ A.A.        2021 112.0       287     4 148.0   0.0    0.     0 0     113.0  34.2    35.0    -0.8
10.06           7   87051 ‹‰ A.A.        2021 140.0       292     5 113.0   0.0    0.     0 0      70.0  42.8    43.0    -0.2
11.06          11   87052 ‹‰ A.A.        2021 112.0       316     4  70.0 100.0    0.     0 0     136.0  34.2    34.0     0.2
12.06          11   87053 ‹‰ A.A.        2021 130.0       284     5 136.0   0.0    0.     0 0      94.0  39.8    42.0    -2.2
13.06          13   87151 ‹‰ A.A.        2021 56.0        120     2  94.0   0.0    0.     0 0      77.0  17.1    17.0     0.1
15.06          13   87152 ‹‰ A.A.        2021 116.0       350     4  77.0 100.0    0.     0 0     141.0  35.4    36.0    -0.6
16.06          13   87153 ‹‰ A.A.        2021 56.0        151     2 141.0   0.0    0.     0 0     124.0  17.1    17.0     0.1
17.06          13   87201 ‹‰ A.A.        2021 132.0       355     5 124.0   0.0    0.     0 0      83.0  40.4    41.0    -0.6
18.06          18   87202 ‹‰ A.A.        2021 152.0       296     6  83.0 100.0    0.     0 0     136.0  46.6    47.0    -0.4
19.06          18   87203 ‹‰ A.A.        2021 104.0       274     4 136.0   0.0    0.     0 0     104.0  31.9    32.0    -0.1
20.06          18   87251 ‹‰ A.A.        2021 106.0       186     4 104.0   0.0    0.     0 0      72.0  32.4    32.0     0.4
22.06          18   87252 ‹‰ A.A.        2021 130.0       251     4  72.0 100.0    0.     0 0     132.0  39.6    40.0    -0.4
23.06          21   87253 ‹‰ A.A.        2021 84.0        181     3 132.0   0.0    0.     0 0     107.0  25.7    25.0     0.7
24.06          21   87311 ‹‰ A.A.        2021 112.0       263     4 107.0   0.0    0.     0 0      73.0  34.2    34.0     0.2
25.06          27   87312 ‹‰ A.A.        2021 84.0        196     3  73.0 100.0    0.     0 0     148.0  25.7    25.0     0.7
26.06          23   87313 ‹‰ A.A.        2021 84.0        181     3 148.0   0.0    0.     0 0     123.0  25.7    25.0     0.7
27.06          23   87401 ‹‰ A.A.        2021 96.0        248     4 123.0   0.0    0.     0 0      94.0  29.5    29.0     0.5
29.06          27   87402 ‹‰ A.A.        2021 56.0         90     2  94.0 100.0    0.     0 0     178.0  17.1    16.0     1.1
30.06     1    27   87403 ‹‰ A.A.        2021 76.0        153     3 178.0   0.0  790.     0 0     156.0  23.3    22.0     1.3
‘  1 30 ƒ€€†.…  11754 „ € 330599    2366.0     5401    87  88.0 790.0  790. 0     0     156.0 723.6   722.0     1.6
ƒ‘“„€‘’‚…›‰ O… €1122-7
01.06           4   86934 •€’‚ C.ƒ.    8923 64.0        178     2 134.0   0.0    0.     0 0     115.0  19.5    19.0     0.5
02.06           4   86957 •€’‚ C.ƒ.    8923 92.0        199     3 115.0  80.0    0.     0 0     167.0  28.0    28.0     0.0
03.06           4   86981 •€’‚ C.ƒ.    8923 60.0        120     3 167.0   0.0    0.     0 0     149.0  18.5    18.0     0.5
04.06           4   86995 •€’‚ C.ƒ.    8923 110.0       222     4 149.0   0.0    0.     0 0     116.0  33.6    33.0     0.6
05.06           7   87015 •€’‚ C.ƒ.    8923 114.0       232     4 116.0   0.0    0.     0 0      82.0  34.8    34.0     0.8
08.06           7   87049 •€’‚ C.ƒ.    8923 76.0        163     4  82.0 120.0    0.     0 0     179.0  23.5    23.0     0.5
09.06           7   87070 •€’‚ C.ƒ.    8923 120.0       247     5 179.0   0.0    0.     0 0     142.0  36.8    37.0    -0.2
10.06          11   87196 •€’‚ C.ƒ.    8923 102.0       208     4 142.0   0.0    0.     0 0     111.0  31.3    31.0     0.3
11.06          21   87105 •€’‚ C.ƒ.    8923 92.0        275     3 111.0  80.0    0.     0 0     163.0  28.0    28.0     0.0
12.06          21   87129 •€’‚ C.ƒ.    8923 74.0        164     3 163.0   0.0    0.     0 0     141.0  22.7    22.0     0.7
15.06          21   87149 •€’‚ C.ƒ.    8923 74.0        146     3 141.0   0.0    0.     0 0     119.0  22.7    22.0     0.7
16.06          21   87180 •€’‚ C.ƒ.    8923 64.0        131     3 119.0   0.0    0.     0 0      99.0  19.7    20.0    -0.3
19.06          20   87271 ‹‚— ‹.€.    30718 180.0         0    15  99.0  80.0    0.     0 0     122.0  57.1    57.0     0.1
20.06          20   87289 ‹‚— ‹.€.    30718 165.0         0    10 122.0   0.0    0.     0 0      68.0  51.4    54.0    -2.6
22.06          23   87270 •€’‚ C.ƒ.    8923 54.0         68     2  68.0   0.0    0.     0 0      52.0  16.5    16.0     0.5
23.06          23   87322 •€’‚ C.ƒ.    8923 76.0        139     3  52.0   0.0    0.     0 0      29.0  23.3    23.0     0.3
24.06          23   87352 •€’‚ C.ƒ.    8923 70.0        154     3  29.0  90.0    0.     0 0      96.0  21.5    23.0    -1.5
25.06          23   87358 •€’‚ C.ƒ.    8923 84.0        202     3  96.0   0.0    0.     0 0      70.0  25.7    26.0    -0.3
26.06          27   87386 •€’‚ C.ƒ.    8923 82.0        197     3  70.0   0.0    0.     0 0      45.0  25.1    25.0     0.1
--------------------------------------------------------------------------------------------------------------------------------
 ƒ "¨­ααβΰ®©"                                                                        „ ”› 593952
                                           ‘‚…„…
                                   €‘•„… ’‹‚€  ‡€           2020  ƒ„
62014                                      „€’€ ‘—…’€ 29/07/20                                 ‹‘’   6

--------------------------------------------------------------------------------------------------------------------------------
:    :- :“’…‚‰ ‹‘’ :    ‚  „  ’ … ‹     :…ƒ: ƒ“‡-:‹-:‘’€-: ‹“—…  :‚‡‚€™… :‘’€-:   € ‘ •  „  ::
:„€’€:… :-------------------------------------:      :       :—…‘’-: ’ : ‹ (“) : ‹ (“) : ’ :---------------: +:
:    :‚…„.:… :… :                 : ’€.:    : ’: ‚  :  :-----------:-----------:  :     : ”€’  :……-:
:    :    :€— :„“- :  ”€‹ ..   :…:      :       :…‡„:‚›…‡-:   :   :   :   :‚‡- : … : /‹ :€‘- :
:    :    :      :…’€ :                 :     :      :  ’  :     : „…  : /‹ :‚…„: /‹ :‚…„:‚€’…:       :       :•„ -:
--------------------------------------------------------------------------------------------------------------------------------
29.06          29   87410 •€’‚ C.ƒ.    8923 145.0         0     5  45.0   0.0    0.     0 0       2.0  44.3    43.0     1.3
30.06     1    27   87413 ‹‚— ‹.€.    30718 92.0        140     3   2.0  60.0  510.     0 0      34.0  28.0    28.0     0.0
‘  1 30 ƒ€€†.…  11771 „ € 330598    1990.0     3185    88 134.0 510.0  510. 0     0      34.0 612.0   610.0     2.0
ƒ‘“„€‘’‚…›‰ O… €3434-7
‚ ’ —‘‹…  ‚„’…‹
                          •€’‚ C.ƒ.    8923 1553.0     3044             370.0           0             475.5  471.0      4.5
                          ‹‚— ‹.€.    30718 437.0       140             140.0           0             136.5  139.0     -2.5
01.06           2   86954 € ‚ ‚         9318 149.0       445     6  28.0 100.0    0.     0 0      82.0  45.7    46.0    -0.3
02.06           2   86955 € ‚ ‚         9318 102.0       190     4  82.0   0.0    0.     0 0      51.0  31.3    31.0     0.3
03.06           2   86956 € ‚ ‚         9318 96.0        286     4  51.0  80.0    0.     0 0     101.0  29.5    30.0    -0.5
04.06           4   87004 € ‚ ‚         9318 96.0        274     4 101.0   0.0    0.     0 0      72.0  29.5    29.0     0.5
05.06           4   87005 € ‚ ‚         9318 152.0       397     6  72.0   0.0    0.     0 0      25.0  46.6    47.0    -0.4
06.06           4   87006 € ‚ ‚         9318 78.0        236     3  25.0  80.0    0.     0 0      81.0  23.9    24.0    -0.1
08.06           7   87054 € ‚ ‚         9318 114.0       362     4  81.0   0.0    0.     0 0      46.0  34.8    35.0    -0.2
09.06           7   87055 € ‚ ‚         9318 96.0        200     5  46.0   0.0    0.     0 0      17.0  29.7    29.0     0.7
10.06          11   87056 € ‚ ‚         9318 150.0       311     6  17.0  90.0    0.     0 0      61.0  46.0    46.0     0.0
11.06          11   86858 € ‚ ‚         9318 142.0       395     6  61.0  35.0    0.     0 0      52.0  43.6    44.0    -0.4
12.06          11   84810 € ‚ ‚         9318 170.0       520     6  52.0   0.0    0.     0 0       1.0  51.9    51.0     0.9
13.06          13   87154 € ‚ ‚         9318 120.0       148     5   1.0 100.0    0.     0 0      63.0  36.8    38.0    -1.2
15.06          13   87155 € ‚ ‚         9318 142.0       510     5  63.0 100.0    0.     0 0     120.0  43.4    43.0     0.4
16.06          13   87156 € ‚ ‚         9318 94.0        199     4 120.0   0.0    0.     0 0      91.0  28.9    29.0    -0.1
17.06          13   87206 € ‚ ‚         9318 140.0       295     6  91.0 100.0    0.     0 0     148.0  43.0    43.0     0.0
18.06          18   87204 € ‚ ‚         9318 148.0       465     5 148.0   0.0    0.     0 0     102.0  45.2    46.0    -0.8
19.06          21   87205 € ‚ ‚         9318 130.0       291     6 102.0   0.0    0.     0 0      62.0  40.1    40.0     0.1
20.06          18   87254 € ‚ ‚         9318 76.0        190     4  62.0 100.0    0.     0 0     139.0  23.5    23.0     0.5
22.06          18   87255 € ‚ ‚         9318 138.0       338     5 139.0   0.0    0.     0 0      97.0  42.2    42.0     0.2
23.06          21   87256 € ‚ ‚         9318 208.0       427     7  97.0   0.0    0.     0 0      33.0  63.5    64.0    -0.5
24.06          23   87314 € ‚ ‚         9318 126.0       281     4  33.0  90.0    0.     0 0      85.0  38.4    38.0     0.4
25.06          23   87315 € ‚ ‚         9318 148.0       460     5  85.0   0.0    0.     0 0      39.0  45.2    46.0    -0.8
26.06          23   87316 € ‚ ‚         9318 136.0       330     5  39.0 100.0    0.     0 0      98.0  41.6    41.0     0.6
27.06          27   87404 € ‚ ‚         9318 128.0       243     4  98.0   0.0    0.     0 0      59.0  39.0    39.0     0.0
29.06          27   87405 € ‚ ‚         9318 88.0        144     3  59.0   0.0    0.     0 0      33.0  26.9    26.0     0.9
30.06     1    27   87406 € ‚ ‚         9318 84.0        195     3  33.0   0.0  975.     0 0       7.0  25.7    26.0    -0.3
‘  1 30 ƒ€€†.…  11789 „ € 330599    3251.0     8132   125  28.0 975.0  975. 0     0       7.0 995.9   996.0    -0.1
ƒ‘“„€‘’‚…›‰ O… AM9776-7
01.06           1   86928 €—‹ A.A.       9024 173.0         0    12 113.0  90.0    0.     0 0     149.0  54.3    54.0     0.3
02.06           1   86922 €—‹ A.A.       9024 172.0         0    11 149.0  40.0    0.     0 0     135.0  53.8    54.0    -0.2
03.06           1   86972 €—‹ A.A.       9024 171.0         0    12 135.0  60.0    0.     0 0     141.0  53.7    54.0    -0.3
04.06           5   86997 €—‹ A.A.       9024 175.0         0    10 141.0  50.0    0.     0 0     137.0  54.4    54.0     0.4
05.06           5   87010 €—‹ A.A.       9024 176.0         0    10 137.0  60.0    0.     0 0     142.0  54.7    55.0    -0.3
08.06           8   87044 €—‹ A.A.       9024 204.0       317     5 142.0  60.0    0.     0 0     140.0  61.8    62.0    -0.2
09.06          10   87065 €—‹ A.A.       9024 185.0         0     7 140.0  60.0    0.     0 0     144.0  56.6    56.0     0.6
10.06          10   87090 €—‹ A.A.       9024 182.0         0     8 144.0  50.0    0.     0 0     138.0  56.0    56.0     0.0
11.06          10   87100 €—‹ A.A.       9024 184.0         0     8 138.0  50.0    0.     0 0     131.0  56.6    57.0    -0.4
12.06          10   87122 €—‹ A.A.       9024 174.0         0    10 131.0  60.0    0.     0 0     137.0  54.1    54.0     0.1
15.06          10   87143 €—‹ A.A.       9024 176.0         0    10 137.0  50.0    0.     0 0     132.0  54.7    55.0    -0.3
17.06          15   87210 €—‹ A.A.       9024 186.0         0    10 132.0  60.0    0.     0 0     134.0  57.7    58.0    -0.3
18.06          17   87234 €—‹ A.A.       9024 184.0         0    10 134.0  50.0    0.     0 0     128.0  57.1    56.0     1.1
19.06          17   87242 €—‹ A.A.       9024 176.0         0    11 128.0  60.0    0.     0 0     133.0  55.0    55.0     0.0
24.06          22   87343 €—‹ A.A.       9024 182.0         0    10 133.0  60.0    0.     0 0     137.0  56.5    56.0     0.5
25.06          22   87307 €—‹ A.A.       9024 181.0         0     9 137.0  60.0    0.     0 0     141.0  55.9    56.0    -0.1
26.06          25   87370 €—‹ A.A.       9024 185.0         0     9 141.0   0.0    0.     0 0      84.0  57.1    57.0     0.1
27.06          25   87387 €—‹ A.A.       9024 142.0         0    10  84.0  60.0    0.     0 0     100.0  44.6    44.0     0.6
30.06     1    29   87433 €—‹ A.A.       9024 186.0         0     8 100.0 100.0 1080.     0 0     143.0  57.2    57.0     0.2
--------------------------------------------------------------------------------------------------------------------------------
 ƒ "¨­ααβΰ®©"                                                                        „ ”› 593952
                                           ‘‚…„…
                                   €‘•„… ’‹‚€  ‡€           2020  ƒ„
62014                                      „€’€ ‘—…’€ 29/07/20                                 ‹‘’   7

--------------------------------------------------------------------------------------------------------------------------------
:    :- :“’…‚‰ ‹‘’ :    ‚  „  ’ … ‹     :…ƒ: ƒ“‡-:‹-:‘’€-: ‹“—…  :‚‡‚€™… :‘’€-:   € ‘ •  „  ::
:„€’€:… :-------------------------------------:      :       :—…‘’-: ’ : ‹ (“) : ‹ (“) : ’ :---------------: +:
:    :‚…„.:… :… :                 : ’€.:    : ’: ‚  :  :-----------:-----------:  :     : ”€’  :……-:
:    :    :€— :„“- :  ”€‹ ..   :…:      :       :…‡„:‚›…‡-:   :   :   :   :‚‡- : … : /‹ :€‘- :
:    :    :      :…’€ :                 :     :      :  ’  :     : „…  : /‹ :‚…„: /‹ :‚…„:‚€’…:       :       :•„ -:
--------------------------------------------------------------------------------------------------------------------------------
‘  1 30 ƒ€€†.…  11801 „ € 330599    3394.0      317   180 113.0 1080. 1080. 0     0     143.0 1051.8 1050.0     1.8
ƒ‘“„€‘’‚…›‰ O… AM9778-7
01.06           2   86929 ‹•’… ‹.‹.   32212 124.0       305     3 160.0   0.0    0.     0 0     122.0  37.5    38.0    -0.5
02.06           2   86924 ‹•’… ‹.‹.   32212 126.0       352     3 122.0   0.0    0.     0 0      85.0  38.1    37.0     1.1
03.06           2   86974 ‹•’… ‹.‹.   32212 96.0        226     2  85.0 100.0    0.     0 0     157.0  29.0    28.0     1.0
04.06           2   86989 ‹•’… ‹.‹.   32212 136.0       318     3 157.0   0.0    0.     0 0     115.0  41.1    42.0    -0.9
05.06           4   87011 ‹•’… ‹.‹.   32212 156.0       439     4 115.0   0.0    0.     0 0      68.0  47.3    47.0     0.3
08.06           7   87041 ‹•’… ‹.‹.   32212 110.0       236     3  68.0 100.0    0.     0 0     135.0  33.4    33.0     0.4
09.06           7   87074 ‹•’… ‹.‹.   32212 122.0       298     3 135.0   0.0    0.     0 0      99.0  36.9    36.0     0.9
10.06           7   87079 ‹•’… ‹.‹.   32212 164.0       417     4  99.0 100.0    0.     0 0     149.0  49.6    50.0    -0.4
11.06          11   87101 ‹•’… ‹.‹.   32212 96.0        226     2 149.0   0.0    0.     0 0     121.0  29.0    28.0     1.0
12.06          11   87125 ‹•’… ‹.‹.   32212 80.0        179     2 121.0   0.0    0.     0 0      97.0  24.2    24.0     0.2
15.06          13   87145 ‹•’… ‹.‹.   32212 146.0       413     4  97.0   0.0    0.     0 0      53.0  44.3    44.0     0.3
16.06          13   87174 ‹•’… ‹.‹.   32212 126.0       332     3  53.0 100.0    0.     0 0     115.0  38.1    38.0     0.1
17.06          13   87216 ‹•’… ‹.‹.   32212 96.0        247     2 115.0  90.0    0.     0 0     177.0  29.0    28.0     1.0
18.06          18   87236 ‹•’… ‹.‹.   32212 128.0       310     3 177.0   0.0    0.     0 0     139.0  38.7    38.0     0.7
19.06          18   87244 ‹•’… ‹.‹.   32212 126.0       354     3 139.0   0.0    0.     0 0     101.0  38.1    38.0     0.1
22.06          18   87266 ‹•’… ‹.‹.   32212 86.0        190     2 101.0 100.0    0.     0 0     172.0  26.0    29.0    -3.0
23.06          21   87300 ‹•’… ‹.‹.   32212 158.0       397     4 172.0   0.0    0.     0 0     124.0  47.9    48.0    -0.1
24.06          23   87345 ‹•’… ‹.‹.   32212 122.0       298     3 124.0  90.0    0.     0 0     178.0  36.9    36.0     0.9
25.06          21   87309 ‹•’… ‹.‹.   32212 82.0        207     2 178.0   0.0    0.     0 0     154.0  24.8    24.0     0.8
26.06          27   87377 ‹•’… ‹.‹.   32212 96.0        226     2 154.0   0.0    0.     0 0     126.0  29.0    28.0     1.0
29.06          27   87397 ‹•’… ‹.‹.   32212 94.0        199     2 126.0   0.0    0.     0 0      95.0  28.4    31.0    -2.6
30.06     1    27   87432 ‹•’… ‹.‹.   32212 102.0       273     2  95.0 100.0  780.     0 0     165.0  30.8    30.0     0.8
‘  1 30 ƒ€€†.…  11819 „ € 330602    2572.0     6442    61 160.0 780.0  780. 0     0     165.0 778.1   775.0     3.1
ƒ‘“„€‘’‚…›‰ O… €H3129-7
17.06          15   87219 “…‰ B.C.      1971 6.0           0     1  28.0   0.0    0.     0 0      27.0   1.8     1.0     0.8
22.06          22   87290 “…‰ B.C.      1971 187.0         0    10  27.0 100.0    0.     0 0      69.0  58.0    58.0     0.0
23.06          22   87299 “…‰ B.C.      1971 172.0         0    12  69.0   0.0    0.     0 0      15.0  54.0    54.0     0.0
24.06          22   87344 “…‰ B.C.      1971 182.0         0     8  15.0 100.0    0.     0 0      59.0  56.0    56.0     0.0
25.06          22   87308 “…‰ B.C.      1971 200.0         0    11  59.0 100.0    0.     0 0      99.0  62.1    60.0     2.1
26.06          25   87371 “…‰ B.C.      1971 177.0         0    10  99.0   0.0    0.     0 0      43.0  55.0    56.0    -1.0
29.06          25   87396 “…‰ B.C.      1971 197.0         0    10  43.0 100.0    0.     0 0      82.0  60.9    61.0    -0.1
30.06     1    29   87425 “…‰ B.C.      1971 212.0         0     9  82.0  90.0  490.     0 0     107.0  65.1    65.0     0.1
‘ 17 30 ƒ€€†.…  11827 „ € 330602    1333.0        0    71  28.0 490.0  490. 0     0     107.0 412.9   411.0     1.9
ƒ‘“„€‘’‚…›‰ O… €5270-7
11.06          15   87109 “‘‰ ‹..      9050 69.0          0     6  85.0 150.0    0.     0 0     201.0  33.4    34.0    -0.6
16.06          17   87172 “‘‰ ‹..      9050 172.0         0     6 201.0   0.0    0.     0 0     122.0  78.8    79.0    -0.2
17.06          17   87193 “‘‰ ‹..      9050 168.0         0     5 122.0   0.0    0.     0 0      46.0  76.5    76.0     0.5
18.06          17   87223 “‘‰ ‹..      9050 171.0         0     6  46.0 150.0    0.     0 0     117.0  78.3    79.0    -0.7
23.06          24   87327 “‘‰ ‹..      9050 270.0      2636     3 117.0 100.0    0.     0 0     114.0 113.5   103.0    10.5
24.06          25   87337 “‘‰ ‹..      9050 165.0         0    11 114.0 150.0    0.     0 0     185.0  78.2    79.0    -0.8
25.06          25   87363 “‘‰ ‹..      9050 195.0         0     9 185.0   0.0    0.     0 0      95.0  90.4    90.0     0.4
26.06          25   87369 “‘‰ ‹..      9050 182.0         0     9  95.0 150.0    0.     0 0     160.0  84.7    85.0    -0.3
30.06     1               “‘‰ ‹..      9050 0.0           0         0.0   0.0  700.     0 0       0.0   0.0     0.0     0.0
‘ 11 30 ƒ€€†.…  12238 „ € 330600    1392.0     2636    55  85.0 700.0  700. 0     0     160.0 633.8   625.0     8.8
ƒ‘“„€‘’‚…›‰ O… €I1336-7
01.06           1   86937 €’›‚ ‚..    19061 192.0         0     4  81.0 150.0    0.     0 0     144.0  86.6    87.0    -0.4
02.06           1   86920 €’›‚ ‚..    19061 192.0         0     4 144.0 150.0    0.     0 0     207.0  86.6    87.0    -0.4
05.06           6   87026 €’›‚ ‚..    19061 305.0      3042     3 207.0  80.0    0.     0 0     150.0 128.9   137.0    -8.1
13.06          15   87160 €’›‚ ‚..    19061 164.0         0    10 150.0  80.0    0.     0 0     150.0  77.3    80.0    -2.7
16.06          15   87183 €’›‚ ‚..    19061 163.0         0    12 150.0  50.0    0.     0 0     123.0  77.8    77.0     0.8
17.06          15   87194 €’›‚ ‚..    19061 204.0         0     4 123.0 150.0    0.     0 0     181.0  91.9    92.0    -0.1
19.06          17   87273 €’›‚ ‚..    19061 164.0         0    14 181.0   0.0    0.     0 0     103.0  79.3    78.0     1.3
--------------------------------------------------------------------------------------------------------------------------------
 ƒ "¨­ααβΰ®©"                                                                        „ ”› 593952
                                           ‘‚…„…
                                   €‘•„… ’‹‚€  ‡€           2020  ƒ„
62014                                      „€’€ ‘—…’€ 29/07/20                                 ‹‘’   8

--------------------------------------------------------------------------------------------------------------------------------
:    :- :“’…‚‰ ‹‘’ :    ‚  „  ’ … ‹     :…ƒ: ƒ“‡-:‹-:‘’€-: ‹“—…  :‚‡‚€™… :‘’€-:   € ‘ •  „  ::
:„€’€:… :-------------------------------------:      :       :—…‘’-: ’ : ‹ (“) : ‹ (“) : ’ :---------------: +:
:    :‚…„.:… :… :                 : ’€.:    : ’: ‚  :  :-----------:-----------:  :     : ”€’  :……-:
:    :    :€— :„“- :  ”€‹ ..   :…:      :       :…‡„:‚›…‡-:   :   :   :   :‚‡- : … : /‹ :€‘- :
:    :    :      :…’€ :                 :     :      :  ’  :     : „…  : /‹ :‚…„: /‹ :‚…„:‚€’…:       :       :•„ -:
--------------------------------------------------------------------------------------------------------------------------------
22.06          20   87285 €’›‚ ‚..    19061 163.0         0    10 103.0 150.0    0.     0 0     175.0  76.8    78.0    -1.2
23.06          22   87329 €’›‚ ‚..    19061 192.0         0    10 175.0   0.0    0.     0 0      88.0  89.6    87.0     2.6
30.06     1               €’›‚ ‚..    19061 0.0           0         0.0   0.0  810.     0 0       0.0   0.0     0.0     0.0
‘  1 30 ƒ€€†.…  12246 „ € 330600    1739.0     3042    71  81.0 810.0  810. 0     0      88.0 794.8   803.0    -8.2
ƒ‘“„€‘’‚…›‰ O… €I1335-7
01.06           3   86939 —……‚ ..    32300 305.0      3042     3 205.0   0.0    0.     0 0      75.0 130.7   130.0     0.7
05.06           6   87017 —……‚ ..    32300 305.0      3042     3  75.0 200.0    0.     0 0     144.0 130.7   131.0    -0.3
08.06           6   87034 —……‚ ..    32300 305.0      3042     3 144.0 180.0    0.     0 0     194.0 130.7   130.0     0.7
18.06          20   87226 —……‚ ..    32300 158.0         0     3 194.0 190.0    0.     0 0     312.0  72.8    72.0     0.8
19.06          20   87258 —……‚ ..    32300 164.0         0    12 312.0   0.0    0.     0 0     234.0  77.8    78.0    -0.2
22.06          25   87286 —……‚ ..    32300 164.0         0    12 234.0   0.0    0.     0 0     157.0  77.8    77.0     0.8
26.06          25   86960 —……‚ ..    32300 18.0          0     1 157.0 150.0    0.     0 0     299.0   7.2     8.0    -0.8
30.06     1               —……‚ ..    32300 0.0           0         0.0   0.0  720.     0 0       0.0   0.0     0.0     0.0
‘  1 30 ƒ€€†.…  12262 „ € 330601    1419.0     9126    37 205.0 720.0  720. 0     0     299.0 627.7   626.0     1.7
ƒ‘“„€‘’‚…›‰ O… €I4258-7
02.06           5   86964 ‘–€ .€.       1904 250.0         0     3 115.0 150.0    0.     0 0     150.0 114.7   115.0    -0.3
13.06          25   87161 ‘–€ .€.       1904 164.0         0    12 150.0 150.0    0.     0 0     225.0  77.8    75.0     2.8
16.06          22   87182 ‘–€ .€.       1904 204.0         0     4 225.0 150.0    0.     0 0     283.0  94.0    92.0     2.0
17.06          22   87083 ‘–€ .€.       1904 204.0         0     4 283.0   0.0    0.     0 0     191.0  94.0    92.0     2.0
18.06          22   87232 ‘–€ .€.       1904 250.0         0     3 191.0 150.0    0.     0 0     232.0 114.8   109.0     5.8
19.06          22   87241 ‘–€ .€.       1904 250.0         0     3 232.0   0.0    0.     0 0     119.0 114.8   113.0     1.8
22.06          22   87277 ‘–€ .€.       1904 250.0         0     3 119.0 150.0    0.     0 0     156.0 114.8   113.0     1.8
23.06          22   87297 ‘–€ .€.       1904 250.0         0     3 156.0 150.0    0.     0 0     193.0 114.8   113.0     1.8
24.06          22   87342 ‘–€ .€.       1904 250.0         0     2 193.0 150.0    0.     0 0     230.0 114.5   113.0     1.5
25.06          29   87306 ‘–€ .€.       1904 250.0         0     2 230.0   0.0    0.     0 0     117.0 114.5   113.0     1.5
26.06          29   87374 ‘–€ .€.       1904 250.0         0     3 117.0 150.0    0.     0 0     154.0 114.8   113.0     1.8
30.06     1               ‘–€ .€.       1904 0.0           0         0.0   0.0 1200.     0 0       0.0   0.0     0.0     0.0
‘  2 30 ƒ€€†.…  12271 „ € 330601    2572.0        0    42 115.0 1200. 1200. 0     0     154.0 1183.5 1161.0    22.5
ƒ‘“„€‘’‚…›‰ O… AP0194-7
01.06           1   86936 —“€‚ B.B.     36188 192.0         0     4 205.0  90.0    0.     0 0     210.0  86.6    85.0     1.6
02.06           1   86919 —“€‚ B.B.     36188 192.0         0     4 210.0 130.0    0.     0 0     255.0  86.6    85.0     1.6
03.06           1   86968 —“€‚ B.B.     36188 177.0         0    14 255.0   0.0    0.     0 0     170.0  85.0    85.0     0.0
04.06           1   86986 —“€‚ B.B.     36188 179.0         0     6 170.0 150.0    0.     0 0     240.0  81.9    80.0     1.9
05.06           6   87018 —“€‚ B.B.     36188 305.0      3042     3 240.0 100.0    0.     0 0     220.0 128.9   120.0     8.9
11.06          10   87115 —“€‚ B.B.     36188 162.0         0    14 220.0   0.0    0.     0 0     145.0  78.4    75.0     3.4
16.06          15   87184 —“€‚ B.B.     36188 169.0         0    11 145.0 150.0    0.     0 0     215.0  80.0    80.0     0.0
17.06          16   87033 —“€‚ B.B.     36188 305.0      3042     3 215.0 150.0    0.     0 0     240.0 128.9   125.0     3.9
19.06          17   87225 —“€‚ B.B.     36188 158.0         0     3 240.0 100.0    0.     0 0     270.0  71.1    70.0     1.1
19.06          17   87259 —“€‚ B.B.     36188 165.0         0    12 270.0   0.0    0.     0 0     192.0  78.7    78.0     0.7
22.06          20   87288 —“€‚ B.B.     36188 164.0         0    10 192.0 150.0    0.     0 0     265.0  77.3    77.0     0.3
23.06          20   87324 —“€‚ B.B.     36188 165.0         0    11 265.0   0.0    0.     0 0     190.0  78.2    75.0     3.2
24.06          20   87335 —“€‚ B.B.     36188 166.0         0    11 190.0 150.0    0.     0 0     245.0  78.6    95.0   -16.4
30.06     1               —“€‚ B.B.     36188 0.0           0         0.0   0.0 1170.     0 0       0.0   0.0     0.0     0.0
‘  1 30 ƒ€€†.…  12289 „ € 330600    2499.0     6084   106 205.0 1170. 1170. 0     0     245.0 1140.2 1130.0    10.2
ƒ‘“„€‘’‚…›‰ O… €3459-7
05.06           6   87025 €“‚ ..       9385 305.0      3042     3 170.0 150.0    0.     0 0     190.0 128.9   130.0    -1.1
08.06           5   87050 €“‚ ..       9385 152.0         0    12 190.0 150.0    0.     0 0     268.0  73.0    72.0     1.0
09.06          15   87072 €“‚ ..       9385 151.0         0    11 268.0   0.0    0.     0 0     196.0  72.0    72.0     0.0
10.06          15   87084 €“‚ ..       9385 157.0         0    10 196.0 150.0    0.     0 0     272.0  74.2    74.0     0.2
11.06          15   87113 €“‚ ..       9385 163.0         0    11 272.0   0.0    0.     0 0     195.0  77.3    77.0     0.3
30.06     1               €“‚ ..       9385 0.0           0         0.0   0.0  450.     0 0       0.0   0.0     0.0     0.0
‘  5 30 ƒ€€†.…  12301 „ € 330600    928.0      3042    47 170.0 450.0  450. 0     0     195.0 425.4   425.0     0.4
ƒ‘“„€‘’‚…›‰ O… €0243-7
01.06           3   86942 €‡€— ‚ €     5970 120.0      1656     1 138.0 180.0    0.     0 0     266.0  53.5    52.0     1.5
--------------------------------------------------------------------------------------------------------------------------------
 ƒ "¨­ααβΰ®©"                                                                        „ ”› 593952
                                           ‘‚…„…
                                   €‘•„… ’‹‚€  ‡€           2020  ƒ„
62014                                      „€’€ ‘—…’€ 29/07/20                                 ‹‘’   9

--------------------------------------------------------------------------------------------------------------------------------
:    :- :“’…‚‰ ‹‘’ :    ‚  „  ’ … ‹     :…ƒ: ƒ“‡-:‹-:‘’€-: ‹“—…  :‚‡‚€™… :‘’€-:   € ‘ •  „  ::
:„€’€:… :-------------------------------------:      :       :—…‘’-: ’ : ‹ (“) : ‹ (“) : ’ :---------------: +:
:    :‚…„.:… :… :                 : ’€.:    : ’: ‚  :  :-----------:-----------:  :     : ”€’  :……-:
:    :    :€— :„“- :  ”€‹ ..   :…:      :       :…‡„:‚›…‡-:   :   :   :   :‚‡- : … : /‹ :€‘- :
:    :    :      :…’€ :                 :     :      :  ’  :     : „…  : /‹ :‚…„: /‹ :‚…„:‚€’…:       :       :•„ -:
--------------------------------------------------------------------------------------------------------------------------------
02.06           3   86948 €‡€— ‚ €     5970 110.0      1656     1 266.0   0.0    0.     0 0     215.0  49.1    51.0    -1.9
03.06           3   86977 €‡€— ‚ €     5970 211.0      3142     2 215.0 150.0    0.     0 0     270.0  94.3    95.0    -0.7
04.06           3   86992 €‡€— ‚ €     5970 115.0      1715     1 270.0  50.0    0.     0 0     268.0  51.3    52.0    -0.7
05.06           6   87023 €‡€— ‚ €     5970 211.0      3031     2 268.0  50.0    0.     0 0     223.0  94.3    95.0    -0.7
08.06           6   87046 €‡€— ‚ €     5970 115.0      1582     1 223.0   0.0    0.     0 0     171.0  51.3    52.0    -0.7
09.06           8   87075 €‡€— ‚ €     5970 211.0      2994     2 171.0 150.0    0.     0 0     226.0  94.3    95.0    -0.7
10.06          12   87095 €‡€— ‚ €     5970 307.0      4568     3 226.0 130.0    0.     0 0     218.0 137.3   138.0    -0.7
11.06          12   87111 €‡€— ‚ €     5970 307.0      4753     3 218.0 150.0    0.     0 0     230.0 137.3   138.0    -0.7
12.06          12   87132 €‡€— ‚ €     5970 307.0      4731     3 230.0 130.0    0.     0 0     221.0 137.3   139.0    -1.7
15.06          14   87163 €‡€— ‚ €     5970 237.0      3216     2 221.0  80.0    0.     0 0     194.0 105.7   107.0    -1.3
16.06          14   87185 €‡€— ‚ €     5970 237.0      3127     2 194.0  80.0    0.     0 0     166.0 105.7   108.0    -2.3
23.06          19   87319 €‡€— ‚ €     5970 211.0      2994     2 166.0  80.0    0.     0 0     151.0  95.3    95.0     0.3
24.06          24   87350 €‡€— ‚ €     5970 358.0      6006     4 151.0 180.0    0.     0 0     168.0 162.9   163.0    -0.1
25.06          24   87214 €‡€— ‚ €     5970 270.0      4530     3 168.0 120.0    0.     0 0     165.0 122.9   123.0    -0.1
26.06          26   87381 €‡€— ‚ €     5970 115.0      1497     1 165.0  70.0    0.     0 0     183.0  52.3    52.0     0.3
29.06          28   87417 €‡€— ‚ €     5970 115.0      1511     1 183.0  50.0    0.     0 0     181.0  52.3    52.0     0.3
30.06     1    30   87434 €‡€— ‚ €     5970 115.0      1633     1 181.0 150.0 1800.     0 0     279.0  61.7    52.0     9.7
‘  1 30 ƒ€€†.…  12319 „ € 330605    3672.0    54342    35 138.0 1800. 1800. 0     0     279.0 1658.8 1659.0    -0.2
ƒ‘“„€‘’‚…›‰ O… €C1817-7
01.06           1   86938 ‚€         13470 258.0         0     2 148.0 120.0    0.     0 0     141.0 127.7   127.0     0.7
02.06           1   86921 ‚€         13470 168.0         0     3 141.0   0.0    0.     0 0      57.0  84.9    84.0     0.9
03.06           3   86978 ‚€         13470 211.0      3252     2  57.0 150.0    0.     0 0     112.0  94.3    95.0    -0.7
04.06           6   86993 ‚€         13470 115.0      1685     1 112.0 150.0    0.     0 0     210.0  51.3    52.0    -0.7
05.06           6   87024 ‚€         13470 211.0      3216     2 210.0 100.0    0.     0 0     215.0  94.3    95.0    -0.7
08.06           6   87045 ‚€         13470 115.0      1582     1 215.0   0.0    0.     0 0     163.0  51.3    52.0    -0.7
09.06          12   87076 ‚€         13470 211.0      3156     2 163.0 150.0    0.     0 0     218.0  94.3    95.0    -0.7
10.06          12   87096 ‚€         13470 307.0      4502     3 218.0 100.0    0.     0 0     180.0 137.3   138.0    -0.7
11.06          12   87112 ‚€         13470 307.0      4990     3 180.0 150.0    0.     0 0     190.0 137.3   140.0    -2.7
12.06          12   87133 ‚€         13470 307.0      4680     3 190.0 200.0    0.     0 0     250.0 137.3   140.0    -2.7
15.06          14   87164 ‚€         13470 211.0      3142     2 250.0  80.0    0.     0 0     235.0  94.3    95.0    -0.7
16.06          14   87186 ‚€         13470 213.0      3164     2 235.0 100.0    0.     0 0     240.0  95.2    95.0     0.2
17.06          15   87207 ‚€         13470 256.0         0     3 240.0   0.0    0.     0 0     113.0 127.7   127.0     0.7
18.06          17   87227 ‚€         13470 256.0         0     3 113.0 130.0    0.     0 0     115.0 127.7   128.0    -0.3
19.06          17   87250 ‚€         13470 267.0         0     3 115.0 150.0    0.     0 0     132.0 133.1   133.0     0.1
22.06          22   87274 ‚€         13470 347.0         0     2 132.0 200.0    0.     0 0     172.0 171.1   160.0    11.1
23.06          22   87293 ‚€         13470 256.0         0     3 172.0  80.0    0.     0 0     125.0 127.7   127.0     0.7
24.06          22   87333 ‚€         13470 472.0         0     4 125.0 200.0    0.     0 0      92.0 234.0   233.0     1.0
25.06          25   87303 ‚€         13470 256.0         0     3  92.0 170.0    0.     0 0     135.0 127.7   127.0     0.7
26.06          25   87368 ‚€         13470 347.0         0     2 135.0 180.0    0.     0 0     145.0 171.1   170.0     1.1
29.06          29   87414 ‚€         13470 247.0         0     4 145.0 150.0    0.     0 0     170.0 124.4   125.0    -0.6
30.06     1    29   87419 ‚€         13470 256.0         0     3 170.0 100.0 2660.     0 0     143.0 127.7   127.0     0.7
‘  1 30 ƒ€€†.…  12327 „ € 330605    5594.0    33369    56 148.0 2660. 2660. 0     0     143.0 2671.7 2665.0     6.7
ƒ‘“„€‘’‚…›‰ O… €C1818-7
01.06           3   86941 €‘‚‘‰ ‹.E.   9921 305.0      3042     3 255.0 150.0    0.     0 0     280.0 125.8   125.0     0.8
02.06           9   86962 €‘‚‘‰ ‹.E.   9921 220.0      2028     2 280.0   0.0    0.     0 0     182.0  98.1    98.0     0.1
03.06           1   86969 €‘‚‘‰ ‹.E.   9921 178.0         0    15 182.0   0.0    0.     0 0      87.0  92.9    95.0    -2.1
08.06           9   87035 €‘‚‘‰ ‹.E.   9921 305.0      3042     3  87.0 200.0    0.     0 0     162.0 125.8   125.0     0.8
10.06          14   87081 €‘‚‘‰ ‹.E.   9921 270.0      2677     3 162.0 200.0    0.     0 0     252.0 110.5   110.0     0.5
12.06          14   87130 €‘‚‘‰ ‹.E.   9921 182.0      1785     2 252.0   0.0    0.     0 0     177.0  74.4    75.0    -0.6
15.06          14   87165 €‘‚‘‰ ‹.E.   9921 270.0      2677     3 177.0 190.0    0.     0 0     257.0 110.5   110.0     0.5
17.06          16   87213 €‘‚‘‰ ‹.E.   9921 305.0      3042     3 257.0 200.0    0.     0 0     332.0 125.8   125.0     0.8
18.06          17   87229 €‘‚‘‰ ‹.E.   9921 180.0         0    10 332.0   0.0    0.     0 0     244.0  88.8    88.0     0.8
19.06          20   87260 €‘‚‘‰ ‹.E.   9921 178.0         0    11 244.0   0.0    0.     0 0     156.0  88.9    88.0     0.9
22.06          19   87282 €‘‚‘‰ ‹.E.   9921 305.0      3042     3 156.0 180.0    0.     0 0     211.0 125.8   125.0     0.8
--------------------------------------------------------------------------------------------------------------------------------
 ƒ "¨­ααβΰ®©"                                                                        „ ”› 593952
                                           ‘‚…„…
                                   €‘•„… ’‹‚€  ‡€           2020  ƒ„
62014                                      „€’€ ‘—…’€ 29/07/20                                 ‹‘’  10

--------------------------------------------------------------------------------------------------------------------------------
:    :- :“’…‚‰ ‹‘’ :    ‚  „  ’ … ‹     :…ƒ: ƒ“‡-:‹-:‘’€-: ‹“—…  :‚‡‚€™… :‘’€-:   € ‘ •  „  ::
:„€’€:… :-------------------------------------:      :       :—…‘’-: ’ : ‹ (“) : ‹ (“) : ’ :---------------: +:
:    :‚…„.:… :… :                 : ’€.:    : ’: ‚  :  :-----------:-----------:  :     : ”€’  :……-:
:    :    :€— :„“- :  ”€‹ ..   :…:      :       :…‡„:‚›…‡-:   :   :   :   :‚‡- : … : /‹ :€‘- :
:    :    :      :…’€ :                 :     :      :  ’  :     : „…  : /‹ :‚…„: /‹ :‚…„:‚€’…:       :       :•„ -:
--------------------------------------------------------------------------------------------------------------------------------
23.06          22   87326 €‘‚‘‰ ‹.E.   9921 167.0         0    12 211.0 150.0    0.     0 0     277.0  85.1    84.0     1.1
24.06          22   87339 €‘‚‘‰ ‹.E.   9921 166.0         0    12 277.0   0.0    0.     0 0     192.0  84.7    85.0    -0.3
25.06          24   87362 €‘‚‘‰ ‹.E.   9921 305.0      3042     3 192.0 160.0    0.     0 0     227.0 125.8   125.0     0.8
26.06          28   87383 €‘‚‘‰ ‹.E.   9921 305.0      3042     3 227.0   0.0    0.     0 0     100.0 125.8   127.0    -1.2
29.06          29   87407 €‘‚‘‰ ‹.E.   9921 25.0          0     1 100.0 180.0    0.     0 0     263.0  10.0    17.0    -7.0
30.06     1               €‘‚‘‰ ‹.E.   9921 0.0           0         0.0   0.0 1610.     0 0       0.0   0.0     0.0     0.0
‘  1 30 ƒ€€†.…  12335 „ € 330606    3666.0    27419    89 255.0 1610. 1610. 0     0     263.0 1598.7 1602.0    -3.3
ƒ‘“„€‘’‚…›‰ O… €C3419-7
01.06           3   86940 €“”… B.B.   5673 305.0      3042     3 157.0 200.0    0.     0 0     231.0 125.8   126.0    -0.2
02.06           1   86963 €“”… B.B.   5673 24.0          0     1 231.0   0.0    0.     0 0     221.0   9.6    10.0    -0.4
05.06           6   87016 €“”… B.B.   5673 305.0      3042     3 221.0 120.0    0.     0 0     215.0 125.8   126.0    -0.2
08.06           6   87040 €“”… B.B.   5673 270.0      2677     3 215.0 120.0    0.     0 0     224.0 110.5   111.0    -0.5
09.06           9   87071 €“”… B.B.   5673 270.0      2677     3 224.0 100.0    0.     0 0     214.0 110.5   110.0     0.5
10.06          14   87082 €“”… B.B.   5673 270.0      2677     3 214.0 100.0    0.     0 0     204.0 110.5   110.0     0.5
12.06          14   87131 €“”… B.B.   5673 182.0      1785     2 204.0   0.0    0.     0 0     129.0  74.4    75.0    -0.6
15.06          14   87166 €“”… B.B.   5673 270.0      2677     3 129.0 200.0    0.     0 0     219.0 110.5   110.0     0.5
16.06          14   87187 €“”… B.B.   5673 186.0      1904     3 219.0 100.0    0.     0 0     239.0  80.8    80.0     0.8
17.06          14   87212 €“”… B.B.   5673 305.0      3042     3 239.0 100.0    0.     0 0     213.0 125.8   126.0    -0.2
18.06          20   87228 €“”… B.B.   5673 165.0         0    15 213.0   0.0    0.     0 0     126.0  87.2    87.0     0.2
19.06          19   87249 €“”… B.B.   5673 270.0      2677     3 126.0 200.0    0.     0 0     216.0 110.5   110.0     0.5
22.06          19   87283 €“”… B.B.   5673 305.0      3042     3 216.0 150.0    0.     0 0     242.0 125.8   124.0     1.8
23.06          22   87325 €“”… B.B.   5673 176.0         0    12 242.0   0.0    0.     0 0     153.0  89.1    89.0     0.1
24.06          22   87338 €“”… B.B.   5673 167.0         0    14 153.0   0.0    0.     0 0      67.0  87.1    86.0     1.1
25.06          24   87361 €“”… B.B.   5673 305.0      3042     3  67.0 200.0    0.     0 0     142.0 125.8   125.0     0.8
26.06          24   87382 €“”… B.B.   5673 305.0      3042     3 142.0 150.0    0.     0 0     166.0 125.8   126.0    -0.2
30.06     1    29   87422 €“”… B.B.   5673 175.0         0    10 166.0 150.0 1890.     0 0     228.0  86.6    88.0    -1.4
‘  1 30 ƒ€€†.…  12343 „ € 330606    4255.0    35326    90 157.0 1890. 1890. 0     0     228.0 1822.1 1819.0     3.1
ƒ‘“„€‘’‚…›‰ O… €C3420-7
01.06           1   86935 ‘‹€ .C.       3565 192.0         0     4 286.0 120.0    0.     0 0     313.0  92.8    93.0    -0.2
02.06           1   86918 ‘‹€ .C.       3565 192.0         0     4 313.0   0.0    0.     0 0     221.0  92.8    92.0     0.8
03.06           5   86967 ‘‹€ .C.       3565 112.0         0     2 221.0 150.0    0.     0 0     317.0  54.0    54.0     0.0
05.06           5   87019 ‘‹€ .C.       3565 204.0         0     4 317.0 100.0    0.     0 0     319.0  98.5    98.0     0.5
08.06           9   87057 ‘‹€ .C.       3565 274.0      2636     3 319.0 100.0    0.     0 0     299.0 119.3   120.0    -0.7
11.06          10   87114 ‘‹€ .C.       3565 168.0         0     8 299.0 150.0    0.     0 0     361.0  83.5    88.0    -4.5
16.06          15   87181 ‘‹€ .C.       3565 204.0         0     4 361.0   0.0    0.     0 0     263.0  98.5    98.0     0.5
17.06          15   87195 ‘‹€ .C.       3565 204.0         0     4 263.0 150.0    0.     0 0     315.0  98.5    98.0     0.5
18.06          17   87224 ‘‹€ .C.       3565 204.0         0     4 315.0  90.0    0.     0 0     311.0  98.5    94.0     4.5
19.06          20   87257 ‘‹€ .C.       3565 168.0         0    12 311.0   0.0    0.     0 0     226.0  85.5    85.0     0.5
22.06          20   87284 ‘‹€ .C.       3565 179.0         0     8 226.0 120.0    0.     0 0     258.0  88.7    88.0     0.7
23.06          20   87323 ‘‹€ .C.       3565 179.0         0     5 258.0 100.0    0.     0 0     272.0  87.2    86.0     1.2
24.06          20   87334 ‘‹€ .C.       3565 164.0         0    12 272.0 100.0    0.     0 0     289.0  83.6    83.0     0.6
25.06          24   87359 ‘‹€ .C.       3565 273.0      2677     3 289.0 100.0    0.     0 0     271.0 118.9   118.0     0.9
29.06          25   87415 ‘‹€ .C.       3565 100.0         0     3 271.0   0.0    0.     0 0     229.0  48.8    42.0     6.8
30.06     1               ‘‹€ .C.       3565 0.0           0         0.0   0.0 1280.     0 0       0.0   0.0     0.0     0.0
‘  1 30 ƒ€€†.…  12350 „ € 330610    2817.0     5313    80 286.0 1280. 1280. 0     0     229.0 1349.1 1337.0    12.1
ƒ‘“„€‘’‚…›‰ O… €T0777-7
03.06           6   86982  ‘..        1457 90.0        691        52.0 150.0    0.     0 0     152.0  57.3    50.0     7.3
04.06           5   86996  ‘..        1457 149.0         0       152.0 150.0    0.     0 0     221.0  80.8    81.0    -0.2
06.06           6   87028  ‘..        1457 98.0        677       221.0   0.0    0.     0 0     149.0  74.1    72.0     2.1
08.06           5   87038  ‘..        1457 149.0         0       149.0 150.0    0.     0 0     220.0  79.0    79.0     0.0
09.06          10   87063  ‘..        1457 141.0         0       220.0   0.0    0.     0 0     149.0  71.7    71.0     0.7
10.06          10   87087  ‘..        1457 142.0         0       149.0 150.0    0.     0 0     226.0  72.9    73.0    -0.1
11.06          10   87108  ‘..        1457 144.0         0       226.0   0.0    0.     0 0     151.0  74.6    75.0    -0.4
12.06          10   87121  ‘..        1457 141.0         0       151.0 150.0    0.     0 0     231.0  70.5    70.0     0.5
--------------------------------------------------------------------------------------------------------------------------------
 ƒ "¨­ααβΰ®©"                                                                        „ ”› 593952
                                           ‘‚…„…
                                   €‘•„… ’‹‚€  ‡€           2020  ƒ„
62014                                      „€’€ ‘—…’€ 29/07/20                                 ‹‘’  11

--------------------------------------------------------------------------------------------------------------------------------
:    :- :“’…‚‰ ‹‘’ :    ‚  „  ’ … ‹     :…ƒ: ƒ“‡-:‹-:‘’€-: ‹“—…  :‚‡‚€™… :‘’€-:   € ‘ •  „  ::
:„€’€:… :-------------------------------------:      :       :—…‘’-: ’ : ‹ (“) : ‹ (“) : ’ :---------------: +:
:    :‚…„.:… :… :                 : ’€.:    : ’: ‚  :  :-----------:-----------:  :     : ”€’  :……-:
:    :    :€— :„“- :  ”€‹ ..   :…:      :       :…‡„:‚›…‡-:   :   :   :   :‚‡- : … : /‹ :€‘- :
:    :    :      :…’€ :                 :     :      :  ’  :     : „…  : /‹ :‚…„: /‹ :‚…„:‚€’…:       :       :•„ -:
--------------------------------------------------------------------------------------------------------------------------------
13.06          14   87150  ‘..        1457 108.0       662       231.0   0.0    0.     0 0     155.0  76.3    76.0     0.3
15.06          15   87142  ‘..        1457 146.0         0       155.0 130.0    0.     0 0     210.0  75.4    75.0     0.4
16.06          14   87177  ‘..        1457 204.0      1613       210.0   0.0    0.     0 0     115.0 111.4    95.0    16.4
17.06          17   87209  ‘..        1457 149.0         0       115.0 150.0    0.     0 0     186.0  79.0    79.0     0.0
18.06          17   87233  ‘..        1457 149.0         0       186.0   0.0    0.     0 0     106.0  79.6    80.0    -0.4
19.06          17   87240  ‘..        1457 142.0         0       106.0 150.0    0.     0 0     178.0  72.6    78.0    -5.4
20.06          20   87275  ‘..        1457 149.0         0       178.0   0.0    0.     0 0      93.0  78.7    85.0    -6.3
22.06          20   87276  ‘..        1457 142.0         0        93.0 150.0    0.     0 0     166.0  72.9    77.0    -4.1
23.06          25   87298  ‘..        1457 144.0         0       166.0 120.0    0.     0 0     208.0  71.6    78.0    -6.4
24.06          26   87353  ‘..        1457 94.0        578       208.0   0.0    0.     0 0     139.0  64.6    69.0    -4.4
25.06          26   87364  ‘..        1457 104.0       551       139.0   0.0    0.     0 0      71.0  62.2    68.0    -5.8
26.06          26   87376  ‘..        1457 104.0       758        71.0 150.0    0.     0 0     151.0  69.5    70.0    -0.5
27.06          30   87389  ‘..        1457 72.0        473       151.0   0.0    0.     0 0     105.0  46.1    46.0     0.1
29.06          30   87409  ‘..        1457 92.0        502       105.0 150.0    0.     0 0     188.0  67.0    67.0     0.0
30.06     1    30   87427  ‘..        1457 216.0      1728       188.0   0.0 1750.     0 0      71.0 118.4   117.0     1.4
‘  3 30 ƒ€€†.…  13064 „ € 340502    3069.0     8233        52.0 1750. 1750. 0     0      71.0 1726.2 1731.0    -4.8
ƒ‘“„€‘’‚…›‰ O… AC1659-7
03.06           9   86983 €“ B.M.     9075 36.0        129       228.0   0.0    0.     0 0     207.0  21.5    21.0     0.5
04.06           9   87000 €“ B.M.     9075 55.0        346       207.0 100.0    0.     0 0     274.0  33.5    33.0     0.5
05.06           9   87027 €“ B.M.     9075 54.0        240       274.0   0.0    0.     0 0     240.0  34.1    34.0     0.1
06.06           9   87029 €“ B.M.     9075 72.0        514       240.0   0.0    0.     0 0     186.0  54.5    54.0     0.5
08.06          12   87058 €“ B.M.     9075 73.0        436       186.0 150.0    0.     0 0     284.0  51.4    52.0    -0.6
10.06          12   87077 €“ B.M.     9075 82.0        588       284.0   0.0    0.     0 0     224.0  59.7    60.0    -0.3
11.06          12   87124 €“ B.M.     9075 72.0        518       224.0   0.0    0.     0 0     180.0  43.7    44.0    -0.3
12.06          12   87136 €“ B.M.     9075 99.0        673       180.0 150.0    0.     0 0     261.0  68.8    69.0    -0.2
13.06          28   87157 €“ B.M.     9075 72.0        518       261.0   0.0    0.     0 0     213.0  47.9    48.0    -0.1
16.06          16   87190 €“ B.M.     9075 36.0        151       213.0   0.0    0.     0 0     187.0  25.9    26.0    -0.1
17.06          16   87220 €“ B.M.     9075 93.0        595       187.0  60.0    0.     0 0     191.0  60.2    56.0     4.2
18.06          16   87197 €“ B.M.     9075 46.0         91       191.0   0.0    0.     0 0     161.0  26.5    30.0    -3.5
22.06          25   87272 €“ B.M.     9075 22.0          0       161.0   0.0    0.     0 0     153.0   6.8     8.0    -1.2
23.06          28   87330 €“ B.M.     9075 75.0        538       153.0 150.0    0.     0 0     249.0  54.1    54.0     0.1
24.06          28   87354 €“ B.M.     9075 84.0        595       249.0   0.0    0.     0 0     193.0  56.1    56.0     0.1
25.06          30   87365 €“ B.M.     9075 85.0        634       193.0 100.0    0.     0 0     237.0  56.6    56.0     0.6
26.06          30   87375 €“ B.M.     9075 86.0        588       237.0   0.0    0.     0 0     180.0  57.1    57.0     0.1
29.06          30   87391 €“ B.M.     9075 65.0        442       180.0 100.0    0.     0 0     226.0  54.0    54.0     0.0
30.06     1    31   87423 €“ B.M.     9075 132.0       922       226.0   0.0  810.     0 0     155.0  71.3    71.0     0.3
‘  3 30 ƒ€€†.…  13072 „ € 340502    1339.0     8518       228.0 810.0  810. 0     0     155.0 883.7   883.0     0.7
ƒ‘“„€‘’‚…›‰ O… AC1994-7
01.06         900   86926 ‘’›ƒ€ ..         25 25.0          0        35.0   0.0    0.     0 0      24.0  11.2    11.0     0.2
02.06         900   86917 ‘’›ƒ€ ..         25 18.0          0        24.0   0.0    0.     0 0      16.0   8.1     8.0     0.1
03.06         900   86966 ‘’›ƒ€ ..         25 32.0          0        16.0  60.0    0.     0 0      62.0  14.4    14.0     0.4
04.06         900   86985 ‘’›ƒ€ ..         25 0.0           0        62.0   0.0    0.     0 0      62.0   0.0     0.0     0.0
05.06         900   87008 ‘’›ƒ€ ..         25 15.0          0        62.0   0.0    0.     0 0      55.0   6.7     7.0    -0.3
08.06         900   87032 ‘’›ƒ€ ..         25 21.0          0        55.0   0.0    0.     0 0      46.0   9.4     9.0     0.4
09.06         900   87060 ‘’›ƒ€ ..         25 24.0          0        46.0   0.0    0.     0 0      35.0  10.8    11.0    -0.2
10.06         900   87093 ‘’›ƒ€ ..         25 49.0          0        35.0   0.0    0.     0 0      13.0  22.0    22.0     0.0
11.06         900   87098 ‘’›ƒ€ ..         25 7.0           0        13.0  60.0    0.     0 0      70.0   3.1     3.0     0.1
12.06         900   87118 ‘’›ƒ€ ..         25 0.0           0        70.0   0.0    0.     0 0      70.0   0.0     0.0     0.0
15.06         900   87139 ‘’›ƒ€ ..         25 41.0          0        70.0   0.0    0.     0 0      52.0  18.4    18.0     0.4
16.06         900   87169 ‘’›ƒ€ ..         25 0.0           0        52.0   0.0    0.     0 0      52.0   0.0     0.0     0.0
17.06         901   87192 ‘’›ƒ€ ..         25 31.0          0        52.0   0.0    0.     0 0      38.0  13.9    14.0    -0.1
18.06         901   87222 ‘’›ƒ€ ..         25 18.0          0        38.0   0.0    0.     0 0      30.0   8.1     8.0     0.1
19.06         901   87199 ‘’›ƒ€ ..         25 0.0           0        30.0   0.0    0.     0 0      30.0   0.0     0.0     0.0
22.06         901   87263 ‘’›ƒ€ ..         25 14.0          0        30.0   0.0    0.     0 0      24.0   6.3     6.0     0.3
--------------------------------------------------------------------------------------------------------------------------------
 ƒ "¨­ααβΰ®©"                                                                        „ ”› 593952
                                           ‘‚…„…
                                   €‘•„… ’‹‚€  ‡€           2020  ƒ„
62014                                      „€’€ ‘—…’€ 29/07/20                                 ‹‘’  12

--------------------------------------------------------------------------------------------------------------------------------
:    :- :“’…‚‰ ‹‘’ :    ‚  „  ’ … ‹     :…ƒ: ƒ“‡-:‹-:‘’€-: ‹“—…  :‚‡‚€™… :‘’€-:   € ‘ •  „  ::
:„€’€:… :-------------------------------------:      :       :—…‘’-: ’ : ‹ (“) : ‹ (“) : ’ :---------------: +:
:    :‚…„.:… :… :                 : ’€.:    : ’: ‚  :  :-----------:-----------:  :     : ”€’  :……-:
:    :    :€— :„“- :  ”€‹ ..   :…:      :       :…‡„:‚›…‡-:   :   :   :   :‚‡- : … : /‹ :€‘- :
:    :    :      :…’€ :                 :     :      :  ’  :     : „…  : /‹ :‚…„: /‹ :‚…„:‚€’…:       :       :•„ -:
--------------------------------------------------------------------------------------------------------------------------------
23.06         901   87292 ‘’›ƒ€ ..         25 0.0           0        24.0   0.0    0.     0 0      24.0   0.0     0.0     0.0
24.06         901   87332 ‘’›ƒ€ ..         25 30.0          0        24.0  40.0    0.     0 0      51.0  13.5    13.0     0.5
25.06         901   87302 ‘’›ƒ€ ..         25 37.0          0        51.0   0.0    0.     0 0      34.0  16.6    17.0    -0.4
26.06         901   87367 ‘’›ƒ€ ..         25 42.0          0        34.0   0.0    0.     0 0      15.0  18.8    19.0    -0.2
29.06         901   87393 ‘’›ƒ€ ..         25 34.0          0        15.0  40.0    0.     0 0      40.0  15.2    15.0     0.2
30.06     1   901   87418 ‘’›ƒ€ ..         25 21.0          0        40.0   0.0  200.     0 0      31.0   9.4     9.0     0.4
‘  1 30 ƒ€€†.…  14915 „ € 361526    459.0         0        35.0 200.0  200. 0     0      31.0 205.9   204.0     1.9
ƒ‘“„€‘’‚…›‰ O… ‘ 22-61
’ƒ  ‹…
…‡ €-92                                         3060                      341.          0                         368.
                                                                0                   341.0    0                373.      5.0
…‡ €-95                                         1143                      120.          0                         139.
                                                                0                   120.0    0                140.      0.6
„‡’‹‚                                          75685         1763       28980.          0                       28839.
                                                           265578                 28980.0    0              28909.      70.3
                                „‡’‹‚
’ƒ  €
…‡ €-92                                     3060.0                    341.0       0                           368.0
                                                                0                341.00      0            373.0         5.0
…‡ €-95                                     1143.0                    120.0       0                           139.9
                                                                0                120.00      0            140.5         0.6
„‡’‹‚                                       75685.0          1763     28980.0     0                           28839.0
                                                           265578                28980.00    0            28909.3       70.3
