 ƒ "¨­ααβΰ®©"                                                                        „ ”› 593952
                                           ‘‚…„…
                                   €‘•„… ’‹‚€  ‡€         2020  ƒ„
62014                                      „€’€ ‘—…’€ 25/11/20                                 ‹‘’   1

--------------------------------------------------------------------------------------------------------------------------------
:    :- :“’…‚‰ ‹‘’ :    ‚  „  ’ … ‹     :…ƒ: ƒ“‡-:‹-:‘’€-: ‹“—…  :‚‡‚€™… :‘’€-:   € ‘ •  „  ::
:„€’€:… :-------------------------------------:      :       :—…‘’-: ’ : ‹ (“) : ‹ (“) : ’ :---------------: +:
:    :‚…„.:… :… :                 : ’€.:    : ’: ‚  :  :-----------:-----------:  :     : ”€’  :……-:
:    :    :€— :„“- :  ”€‹ ..   :…:      :       :…‡„:‚›…‡-:   :   :   :   :‚‡- : … : /‹ :€‘- :
:    :    :      :…’€ :                 :     :      :  ’  :     : „…  : /‹ :‚…„: /‹ :‚…„:‚€’…:       :       :•„ -:
--------------------------------------------------------------------------------------------------------------------------------
                                …‡ €-92
02.11         900   89461 ƒ…€ ‚ ‘        9253 41.0          0         9.0   0.0    0.     0 0       3.0   5.6     6.0    -0.4
03.11         900   89469 ƒ…€ ‚ ‘        9253 29.0          0         3.0   0.0    0.     0 0       1.0   4.0     2.0     2.0
04.11         900   89484 ƒ…€ ‚ ‘        9253 105.0         0         1.0  60.0    0.     0 0      50.0  14.3    11.0     3.3
05.11         900   89506 ƒ…€ ‚ ‘        9253 99.0          0        50.0   0.0    0.     0 0      37.0  13.5    13.0     0.5
06.11         900   89519 ƒ…€ ‚ ‘        9253 86.0          0        37.0   0.0    0.     0 0      25.0  11.7    12.0    -0.3
09.11         900   89541 ƒ…€ ‚ ‘        9253 61.0          0        25.0   0.0    0.     0 0      17.0   8.3     8.0     0.3
10.11         900   89563 ƒ…€ ‚ ‘        9253 71.0          0        17.0   0.0    0.     0 0       7.0   9.7    10.0    -0.3
11.11         900   89581 ƒ…€ ‚ ‘        9253 50.0          0         7.0   0.0    0.     0 0       1.0   6.8     6.0     0.8
12.11         900   89607 ƒ…€ ‚ ‘        9253 85.0          0         1.0  35.0    0.     0 0      26.0  11.6    10.0     1.6
13.11         900   89628 ƒ…€ ‚ ‘        9253 73.0          0        26.0   0.0    0.     0 0      16.0  10.0    10.0     0.0
16.11         900   89650 ƒ…€ ‚ ‘        9253 81.0          0        16.0  20.0    0.     0 0      25.0  11.0    11.0     0.0
17.11         900   89599 ƒ…€ ‚ ‘        9253 79.0          0        25.0   0.0    0.     0 0      15.0  10.8    10.0     0.8
‘  2 17 ƒ€€†.…  10049 „ € 220030    860.0         0         9.0 115.0    0. 0     0      15.0 117.3   109.0     8.3
ƒ‘“„€‘’‚…›‰ O… €€6622-7
02.11         900  600792 €‹…•‚— € €    20017 660.0         0        50.0  60.0    0.     0 0      44.0  66.0    66.0     0.0
‘  2  2 ƒ€€†.…  11118 „ € 113080    660.0         0        50.0 60.0     0. 0     0      44.0  66.0    66.0     0.0
ƒ‘“„€‘’‚…›‰ O… 80-28€…7
                                „‡’‹‚
04.11           3   89504 €‹ A.B.          27 117.0      1054       325.0   0.0    0.     0 0     275.0  50.0    50.0     0.0
06.11           6   89526 €‹ A.B.          27 79.0        842       275.0 200.0    0.     0 0     440.0  35.3    35.0     0.3
09.11           5   89554 €‹ A.B.          27 271.0         0       440.0   0.0    0.     0 0     345.0  95.1    95.0     0.1
10.11           9   89560 €‹ A.B.          27 550.0      2378       345.0 150.0    0.     0 0     306.0 190.1   189.0     1.1
12.11          12   89624 €‹ A.B.          27 113.0      1262       306.0   0.0    0.     0 0     255.0  51.2    51.0     0.2
13.11          12   89633 €‹ A.B.          27 79.0        842       255.0  87.0    0.     0 0     297.0  35.3    45.0    -9.7
17.11          13   89673 €‹ A.B.          27 79.0        842       297.0   0.0    0.     0 0     253.0  35.3    44.0    -8.7
19.11          16   89718 €‹ A.B.          27 550.0      1686       480.0   0.0    0.     0 0     299.0 181.8   181.0     0.8
24.11          16   89787 €‹ A.B.          27 210.0      2049       299.0 260.0    0.     0 0     470.0  87.6    89.0    -1.4
‘  4 24 ƒ€€†.…  10332 „ € 322773    2048.0    10955       325.0 697.0    0. 0     0     470.0 761.7   779.0   -17.3
ƒ‘“„€‘’‚…›‰ O… KM 2290
02.11           2   89464 €‚ H.C.        5398 159.0         0       185.0   0.0    0.     0 0     129.0  55.8    56.0    -0.2
03.11           2   89473 €‚ H.C.        5398 165.0         0       129.0 200.0    0.     0 0     271.0  57.9    58.0    -0.1
04.11           2   89486 €‚ H.C.        5398 164.0         0       271.0   0.0    0.     0 0     213.0  57.5    58.0    -0.5
05.11           5   89509 €‚ H.C.        5398 159.0         0       213.0   0.0    0.     0 0     157.0  55.8    56.0    -0.2
06.11           5   89522 €‚ H.C.        5398 156.0         0       157.0 100.0    0.     0 0     202.0  54.7    55.0    -0.3
09.11           5   89543 €‚ H.C.        5398 151.0         0       202.0   0.0    0.     0 0     149.0  53.0    53.0     0.0
10.11           5   89564 €‚ H.C.        5398 159.0         0       149.0 200.0    0.     0 0     293.0  55.8    56.0    -0.2
11.11          11   89584 €‚ H.C.        5398 157.0         0       293.0   0.0    0.     0 0     238.0  55.1    55.0     0.1
12.11          11   89610 €‚ H.C.        5398 155.0         0       238.0   0.0    0.     0 0     183.0  54.4    55.0    -0.6
13.11          11   89631 €‚ H.C.        5398 151.0         0       183.0 100.0    0.     0 0     230.0  53.0    53.0     0.0
16.11          11   89659 €‚ H.C.        5398 149.0         0       230.0   0.0    0.     0 0     178.0  52.3    52.0     0.3
23.11          17   89767 €‚ H.C.        5398 155.0         0       178.0 170.0    0.     0 0     293.0  54.4    55.0    -0.6
‘  2 23 ƒ€€†.…  10367 „ € 322773    1880.0        0       185.0 770.0    0. 0     0     293.0 659.7   662.0    -2.3
ƒ‘“„€‘’‚…›‰ O… KI 0839
03.11           3   89476 “‹…         4227 113.0      1262       257.0 250.0    0.     0 0     455.0  52.5    52.0     0.5
04.11           3   89505 “‹…         4227 30.0        242       455.0   0.0    0.     0 0     442.0  12.8    13.0    -0.2
05.11           2   89508 “‹…         4227 101.0         0       442.0   0.0    0.     0 0     405.0  36.5    37.0    -0.5
06.11           5   89520 “‹…         4227 142.0         0       405.0   0.0    0.     0 0     353.0  51.3    52.0    -0.7
09.11           9   89536 “‹…         4227 395.0      4800       353.0 220.0    0.     0 0     396.0 176.7   177.0    -0.3
10.11           9   89562 “‹…         4227 395.0      4800       396.0   0.0    0.     0 0     219.0 176.7   177.0    -0.3
11.11           9   89580 “‹…         4227 395.0      4666       219.0 247.0    0.     0 0     292.0 175.1   174.0     1.1
12.11           9   89595 “‹…         4227 395.0      4666       292.0 178.0    0.     0 0     294.0 175.1   176.0    -0.9
13.11           9   89627 “‹…         4227 395.0      4626       294.0 200.0    0.     0 0     319.0 174.6   175.0    -0.4
--------------------------------------------------------------------------------------------------------------------------------
 ƒ "¨­ααβΰ®©"                                                                        „ ”› 593952
                                           ‘‚…„…
                                   €‘•„… ’‹‚€  ‡€         2020  ƒ„
62014                                      „€’€ ‘—…’€ 25/11/20                                 ‹‘’   2

--------------------------------------------------------------------------------------------------------------------------------
:    :- :“’…‚‰ ‹‘’ :    ‚  „  ’ … ‹     :…ƒ: ƒ“‡-:‹-:‘’€-: ‹“—…  :‚‡‚€™… :‘’€-:   € ‘ •  „  ::
:„€’€:… :-------------------------------------:      :       :—…‘’-: ’ : ‹ (“) : ‹ (“) : ’ :---------------: +:
:    :‚…„.:… :… :                 : ’€.:    : ’: ‚  :  :-----------:-----------:  :     : ”€’  :……-:
:    :    :€— :„“- :  ”€‹ ..   :…:      :       :…‡„:‚›…‡-:   :   :   :   :‚‡- : … : /‹ :€‘- :
:    :    :      :…’€ :                 :     :      :  ’  :     : „…  : /‹ :‚…„: /‹ :‚…„:‚€’…:       :       :•„ -:
--------------------------------------------------------------------------------------------------------------------------------
16.11          12   89664 “‹…         4227 395.0      4656       319.0 220.0    0.     0 0     364.0 175.0   175.0     0.0
17.11          13   89674 “‹…         4227 395.0      4376       364.0   0.0    0.     0 0     192.0 171.6   172.0    -0.4
18.11          15   89690 “‹…         4227 395.0      4100       192.0 245.0    0.     0 0     268.0 168.3   169.0    -0.7
20.11          15   89732 “‹…         4227 79.0        842       268.0   0.0    0.     0 0     232.0  36.2    36.0     0.2
‘  3 20 ƒ€€†.…  10987 „ € 322780    3625.0    39036       257.0 1560.    0. 0     0     232.0 1582.4 1585.0    -2.6
ƒ‘“„€‘’‚…›‰ O… … 0098
02.11           3   89467 €‚—“ ƒ.”.      9644 204.0       641     3 145.0  80.0    0.     0 0     165.0  61.3    60.0     1.3
03.11           3   89477 €‚—“ ƒ.”.      9644 152.0       318     2 165.0  60.0    0.     0 0     180.0  45.6    45.0     0.6
04.11           3   89503 €‚—“ ƒ.”.      9644 220.0       314     3 180.0  70.0    0.     0 0     185.0  64.6    65.0    -0.4
05.11           3   89515 €‚—“ ƒ.”.      9644 234.0       411     3 185.0  40.0    0.     0 0     155.0  68.8    70.0    -1.2
06.11           3   89527 €‚—“ ƒ.”.      9644 242.0       364     3 155.0 100.0    0.     0 0     185.0  71.1    70.0     1.1
09.11           6   89551 €‚—“ ƒ.”.      9644 150.0       325     2 185.0   0.0    0.     0 0     140.0  45.0    45.0     0.0
10.11           6   89567 €‚—“ ƒ.”.      9644 310.0       637     4 140.0  88.0    0.     0 0     135.0  91.6    93.0    -1.4
11.11           9   89589 €‚—“ ƒ.”.      9644 100.0       115     1 135.0   0.0    0.     0 0     105.0  29.9    30.0    -0.1
12.11           9   89613 €‚—“ ƒ.”.      9644 232.0       479     3 105.0  59.0    0.     0 0      95.0  69.6    69.0     0.6
13.11           9   89634 €‚—“ ƒ.”.      9644 218.0       684     3  95.0 100.0    0.     0 0     130.0  65.4    65.0     0.4
14.11           9   89646 €‚—“ ƒ.”.      9644 222.0       475     3 130.0 100.0    0.     0 0     160.0  66.6    70.0    -3.4
16.11           9   89660 €‚—“ ƒ.”.      9644 236.0       271     3 160.0  90.0    0.     0 0     180.0  69.4    70.0    -0.6
17.11          12   89675 €‚—“ ƒ.”.      9644 142.0       120     2 180.0  50.0    0.     0 0     190.0  42.6    40.0     2.6
18.11          15   89691 €‚—“ ƒ.”.      9644 158.0       241     2 190.0  50.0    0.     0 0     195.0  47.4    45.0     2.4
19.11          15   89719 €‚—“ ƒ.”.      9644 236.0       338     3 195.0  40.0    0.     0 0     165.0  69.4    70.0    -0.6
20.11          15   89733 €‚—“ ƒ.”.      9644 152.0       130     2 165.0  45.0    0.     0 0     165.0  45.6    45.0     0.6
23.11          16   89750 €‚—“ ƒ.”.      9644 164.0       282     2 165.0  88.0    0.     0 0     200.0  49.1    53.0    -3.9
24.11          16   89782 €‚—“ ƒ.”.      9644 72.0         44     1 200.0   0.0    0.     0 0     180.0  21.6    20.0     1.6
‘  2 24 ƒ€€†.…  11622 „ € 330598    3444.0     6189    45 145.0 1060.    0. 0     0     180.0 1024.6 1025.0    -0.4
ƒ‘“„€‘’‚…›‰ O… €‚5981-7
02.11           2   89465 ‘’…“‹ €..      5230 175.0         0    13  41.0 100.0    0.     0 0      86.0  55.2    55.0     0.2
03.11           2   89474 ‘’…“‹ €..      5230 175.0         0    12  86.0 100.0    0.     0 0     131.0  54.9    55.0    -0.1
04.11           2   89488 ‘’…“‹ €..      5230 160.0         0    11 131.0  50.0    0.     0 0     131.0  50.2    50.0     0.2
05.11           2   89512 ‘’…“‹ €..      5230 170.0         0    12 131.0   0.0    0.     0 0      78.0  53.4    53.0     0.4
09.11           5   89544 ‘’…“‹ €..      5230 160.0         0    12  78.0  88.0    0.     0 0     116.0  50.5    50.0     0.5
10.11          14   89568 ‘’…“‹ €..      5230 68.0        187     3 116.0   0.0    0.     0 0      95.0  20.9    21.0    -0.1
‘  2 10 ƒ€€†.…  11721 „ € 330602    908.0       187    63  41.0 338.0    0. 0     0      95.0 285.1   284.0     1.1
ƒ‘“„€‘’‚…›‰ O… €0119-7
02.11           2   89463 …‰€ ..        4161 172.0         0        26.0  80.0    0.     0 0      75.0  31.0    31.0     0.0
03.11           2   89472 …‰€ ..        4161 178.0         0        75.0   0.0    0.     0 0      43.0  32.0    32.0     0.0
04.11           2   89487 …‰€ ..        4161 176.0         0        43.0  80.0    0.     0 0      92.0  31.7    31.0     0.7
05.11           2   89510 …‰€ ..        4161 176.0         0        92.0   0.0    0.     0 0      60.0  31.7    32.0    -0.3
06.11           2   89523 …‰€ ..        4161 178.0         0        60.0   0.0    0.     0 0      28.0  32.0    32.0     0.0
09.11           5   89542 …‰€ ..        4161 177.0         0        28.0  70.0    0.     0 0      66.0  31.9    32.0    -0.1
10.11           5   89565 …‰€ ..        4161 175.0         0        66.0   0.0    0.     0 0      34.0  31.5    32.0    -0.5
11.11           5   89583 …‰€ ..        4161 178.0         0        34.0   0.0    0.     0 0      12.0  32.0    22.0    10.0
12.11          11   89611 …‰€ ..        4161 172.0         0        12.0  80.0    0.     0 0      51.0  31.0    41.0   -10.0
13.11          11   89630 …‰€ ..        4161 179.0         0        51.0   0.0    0.     0 0      19.0  32.2    32.0     0.2
16.11          11   89658 …‰€ ..        4161 178.0         0        19.0  90.0    0.     0 0      77.0  32.0    32.0     0.0
‘  2 16 ƒ€€†.…  11746 „ € 310900    1939.0        0        26.0 400.0    0. 0     0      77.0 349.0   349.0     0.0
ƒ‘“„€‘’‚…›‰ O… €0116-7
02.11           1   89497 ‹‰ A.A.        2021 100.0       330     4 146.0  80.0    0.     0 0     195.0  30.7    31.0    -0.3
03.11           1   89498 ‹‰ A.A.        2021 108.0       346     4 195.0   0.0    0.     0 0     162.0  33.0    33.0     0.0
04.11           1   89499 ‹‰ A.A.        2021 100.0       195     4 162.0  62.0    0.     0 0     196.0  30.7    28.0     2.7
05.11           1   89545 ‹‰ A.A.        2021 152.0       577     5 196.0   0.0    0.     0 0     150.0  46.3    46.0     0.3
06.11           4   89546 ‹‰ A.A.        2021 126.0       335     4 150.0  60.0    0.     0 0     173.0  38.4    37.0     1.4
07.11           4   89547 ‹‰ A.A.        2021 76.0        271     4 173.0   0.0    0.     0 0     150.0  23.5    23.0     0.5
09.11           4   89601 ‹‰ A.A.        2021 100.0       376     4 150.0  70.0    0.     0 0     189.0  30.7    31.0    -0.3
--------------------------------------------------------------------------------------------------------------------------------
 ƒ "¨­ααβΰ®©"                                                                        „ ”› 593952
                                           ‘‚…„…
                                   €‘•„… ’‹‚€  ‡€         2020  ƒ„
62014                                      „€’€ ‘—…’€ 25/11/20                                 ‹‘’   3

--------------------------------------------------------------------------------------------------------------------------------
:    :- :“’…‚‰ ‹‘’ :    ‚  „  ’ … ‹     :…ƒ: ƒ“‡-:‹-:‘’€-: ‹“—…  :‚‡‚€™… :‘’€-:   € ‘ •  „  ::
:„€’€:… :-------------------------------------:      :       :—…‘’-: ’ : ‹ (“) : ‹ (“) : ’ :---------------: +:
:    :‚…„.:… :… :                 : ’€.:    : ’: ‚  :  :-----------:-----------:  :     : ”€’  :……-:
:    :    :€— :„“- :  ”€‹ ..   :…:      :       :…‡„:‚›…‡-:   :   :   :   :‚‡- : … : /‹ :€‘- :
:    :    :      :…’€ :                 :     :      :  ’  :     : „…  : /‹ :‚…„: /‹ :‚…„:‚€’…:       :       :•„ -:
--------------------------------------------------------------------------------------------------------------------------------
10.11           4   89602 ‹‰ A.A.        2021 82.0        280     3 189.0   0.0    0.     0 0     167.0  25.1    22.0     3.1
11.11           8   89603 ‹‰ A.A.        2021 104.0       423     4 167.0  60.0    0.     0 0     195.0  31.9    32.0    -0.1
12.11           8   89651 ‹‰ A.A.        2021 72.0        327     3 195.0   0.0    0.     0 0     173.0  22.1    22.0     0.1
13.11           8   89652 ‹‰ A.A.        2021 84.0        380     3 173.0   0.0    0.     0 0     148.0  25.7    25.0     0.7
14.11           8   89653 ‹‰ A.A.        2021 84.0        256     3 148.0   0.0    0.     0 0     123.0  25.7    25.0     0.7
16.11           8   89701 ‹‰ A.A.        2021 80.0        231     4 123.0 100.0    0.     0 0     198.0  24.7    25.0    -0.3
17.11          13   89702 ‹‰ A.A.        2021 72.0        267     3 198.0   0.0    0.     0 0     176.0  22.1    22.0     0.1
18.11          13   89703 ‹‰ A.A.        2021 68.0        246     3 176.0   0.0    0.     0 0     155.0  20.9    21.0    -0.1
19.11          14   89751 ‹‰ A.A.        2021 72.0        272     3 155.0   0.0    0.     0 0     133.0  22.1    22.0     0.1
20.11          14   89752 ‹‰ A.A.        2021 74.0        303     4 133.0  55.0    0.     0 0     165.0  23.0    23.0     0.0
‘  2 20 ƒ€€†.…  11754 „ € 330599    1554.0     5415    62 146.0 487.0    0. 0     0     165.0 476.6   468.0     8.6
ƒ‘“„€‘’‚…›‰ O… €1122-7
10.11          11   89578 •€’‚ C.ƒ.    8923 176.0         0     8 128.0   0.0    0.     0 0      74.0  54.2    54.0     0.2
11.11           8   89571 •€’‚ C.ƒ.    8923 96.0        195     4  74.0  80.0    0.     0 0     125.0  29.5    29.0     0.5
12.11           8   89614 •€’‚ C.ƒ.    8923 90.0        194     3 125.0   0.0    0.     0 0      98.0  27.4    27.0     0.4
13.11           8   89635 •€’‚ C.ƒ.    8923 92.0        216     4  98.0  29.0    0.     0 0      99.0  28.3    28.0     0.3
16.11          14   89663 •€’‚ C.ƒ.    8923 130.0       383     3  99.0   0.0    0.     0 0      60.0  37.8    39.0    -1.2
17.11          14   89679 •€’‚ C.ƒ.    8923 86.0        212     3  60.0  80.0    0.     0 0     114.0  26.3    26.0     0.3
18.11          14   89695 •€’‚ C.ƒ.    8923 90.0        271     3 114.0   0.0    0.     0 0      87.0  27.4    27.0     0.4
‘ 10 18 ƒ€€†.…  11771 „ € 330598    760.0      1471    28 128.0 189.0    0. 0     0      87.0 230.9   230.0     0.9
ƒ‘“„€‘’‚…›‰ O… €3434-7
02.11           1   89500 € ‚ ‚         9318 124.0       373     4 193.0  50.0    0.     0 0     206.0  37.8    37.0     0.8
03.11           1   89501 € ‚ ‚         9318 160.0       499     5 206.0   0.0    0.     0 0     157.0  48.7    49.0    -0.3
04.11           1   89502 € ‚ ‚         9318 172.0       487     5 157.0  85.0    0.     0 0     190.0  52.3    52.0     0.3
05.11           4   89548 € ‚ ‚         9318 160.0       472     5 190.0   0.0    0.     0 0     141.0  48.7    49.0    -0.3
06.11           4   89549 € ‚ ‚         9318 170.0       488     5 141.0   0.0    0.     0 0      89.0  51.7    52.0    -0.3
07.11           4   89550 € ‚ ‚         9318 90.0        222     3  89.0  92.0    0.     0 0     154.0  27.4    27.0     0.4
09.11           4   89606 € ‚ ‚         9318 158.0       428     5 154.0   0.0    0.     0 0     105.0  48.1    49.0    -0.9
10.11           4   89604 € ‚ ‚         9318 128.0       255     3 105.0 100.0    0.     0 0     167.0  38.7    38.0     0.7
11.11           4   89605 € ‚ ‚         9318 128.0       375     4 167.0   0.0    0.     0 0     128.0  39.0    39.0     0.0
12.11           8   89654 € ‚ ‚         9318 148.0       381     5 128.0   0.0    0.     0 0      82.0  45.2    46.0    -0.8
13.11           8   89655 € ‚ ‚         9318 128.0       396     4  82.0  90.0    0.     0 0     133.0  39.0    39.0     0.0
14.11           8   89656 € ‚ ‚         9318 136.0       332     4 133.0  25.0    0.     0 0     117.0  41.3    41.0     0.3
16.11          14   89704 € ‚ ‚         9318 142.0       418     5 117.0  40.0    0.     0 0     114.0  43.4    43.0     0.4
17.11          14   89705 € ‚ ‚         9318 108.0       376     3 114.0   0.0    0.     0 0      81.0  32.8    33.0    -0.2
18.11          14   89706 € ‚ ‚         9318 128.0       443     4  81.0  50.0    0.     0 0      92.0  39.0    39.0     0.0
19.11          14   89754 € ‚ ‚         9318 108.0       392     3  92.0   0.0    0.     0 0      59.0  32.8    33.0    -0.2
‘  2 19 ƒ€€†.…  11789 „ € 330599    2188.0     6337    67 193.0 532.0    0. 0     0      59.0 665.9   666.0    -0.1
ƒ‘“„€‘’‚…›‰ O… AM9776-7
02.11           2   89460 €—‹ € €        9024 5.0           0     1 142.0   0.0    0.     0 0     140.0   1.5     2.0    -0.5
04.11           2   89489 ‹€“–‰ ”       8664 150.0         0     5 140.0  50.0    0.     0 0     144.0  45.7    46.0    -0.3
05.11           2   89511 ‹€“–‰ ”       8664 149.0         0     8 144.0  70.0    0.     0 0     168.0  46.2    46.0     0.2
06.11           8   89528 ‹€“–‰ ”       8664 100.0       203     4 168.0   0.0    0.     0 0     137.0  30.7    31.0    -0.3
13.11          13   89632 ‹€“–‰ ”       8664 72.0        204     1 137.0  50.0    0.     0 0     166.0  21.6    21.0     0.6
17.11          13   89678 ‹€“–‰ ”       8664 84.0        313     2 166.0   0.0    0.     0 0     140.0  25.4    26.0    -0.6
18.11          14   89694 ‹€“–‰ ”       8664 96.0        202     2 140.0   0.0    0.     0 0     111.0  29.0    29.0     0.0
‘  2 18 ƒ€€†.…  11801 „ € 330599    656.0       922    23 142.0 170.0    0. 0     0     111.0 200.1   201.0    -0.9
ƒ‘“„€‘’‚…›‰ O… AM9778-7
‚ ’ —‘‹…  ‚„’…‹
                          €—‹ € €        9024 5.0           0               0.0           0               1.5  2.0       -0.5
                          ‹€“–‰ ”       8664 651.0       923             170.0           0             198.6  199.0     -0.4
02.11           1   89466 ‹•’… ‹.‹.   32212 100.0       304     2 105.0  50.0    0.     0 0     125.0  30.2    30.0     0.2
03.11           1   89478 ‹•’… ‹.‹.   32212 132.0       417     3 125.0   0.0    0.     0 0      85.0  39.9    40.0    -0.1
04.11           1   89494 ‹•’… ‹.‹.   32212 128.0       412     4  85.0  70.0    0.     0 0     117.0  39.0    38.0     1.0
--------------------------------------------------------------------------------------------------------------------------------
 ƒ "¨­ααβΰ®©"                                                                        „ ”› 593952
                                           ‘‚…„…
                                   €‘•„… ’‹‚€  ‡€         2020  ƒ„
62014                                      „€’€ ‘—…’€ 25/11/20                                 ‹‘’   4

--------------------------------------------------------------------------------------------------------------------------------
:    :- :“’…‚‰ ‹‘’ :    ‚  „  ’ … ‹     :…ƒ: ƒ“‡-:‹-:‘’€-: ‹“—…  :‚‡‚€™… :‘’€-:   € ‘ •  „  ::
:„€’€:… :-------------------------------------:      :       :—…‘’-: ’ : ‹ (“) : ‹ (“) : ’ :---------------: +:
:    :‚…„.:… :… :                 : ’€.:    : ’: ‚  :  :-----------:-----------:  :     : ”€’  :……-:
:    :    :€— :„“- :  ”€‹ ..   :…:      :       :…‡„:‚›…‡-:   :   :   :   :‚‡- : … : /‹ :€‘- :
:    :    :      :…’€ :                 :     :      :  ’  :     : „…  : /‹ :‚…„: /‹ :‚…„:‚€’…:       :       :•„ -:
--------------------------------------------------------------------------------------------------------------------------------
05.11           1   89514 ‹•’… ‹.‹.   32212 134.0       477     3 117.0   0.0    0.     0 0      77.0  40.5    40.0     0.5
06.11           1   89525 ‹•’… ‹.‹.   32212 68.0        136     2  77.0  80.0    0.     0 0     137.0  20.7    20.0     0.7
09.11           4   89552 ‹•’… ‹.‹.   32212 114.0       298     3 137.0   0.0    0.     0 0     103.0  34.6    34.0     0.6
10.11           4   89566 ‹•’… ‹.‹.   32212 84.0        234     2 103.0   0.0    0.     0 0      78.0  25.4    25.0     0.4
11.11           4   89588 ‹•’… ‹.‹.   32212 94.0        173     1  78.0   0.0    0.     0 0      50.0  26.7    28.0    -1.3
12.11           8   89612 ‹•’… ‹.‹.   32212 70.0        185     2  50.0  59.0    0.     0 0      88.0  21.3    21.0     0.3
16.11           8   89596 ‹•’… ‹.‹.   32212 82.0        204     2  88.0  90.0    0.     0 0     154.0  24.8    24.0     0.8
17.11          14   89672 ‹•’… ‹.‹.   32212 98.0        196     2 154.0   0.0    0.     0 0     125.0  29.6    29.0     0.6
18.11          14   89688 ‹•’… ‹.‹.   32212 70.0        153     2 125.0  80.0    0.     0 0     184.0  21.3    21.0     0.3
19.11          14   89717 ‹•’… ‹.‹.   32212 54.0        107     1 184.0   0.0    0.     0 0     168.0  16.3    16.0     0.3
20.11          14   89734 ‹•’… ‹.‹.   32212 70.0        140     2 168.0   0.0    0.     0 0     147.0  21.3    21.0     0.3
‘  2 20 ƒ€€†.…  11819 „ € 330602    1298.0     3436    31 105.0 429.0    0. 0     0     147.0 391.6   387.0     4.6
ƒ‘“„€‘’‚…›‰ O… €H3129-7
11.11          11   89585 “…‰ B.C.      1971 170.0         0    11 157.0   0.0    0.     0 0     104.0  53.2    53.0     0.2
‘ 11 11 ƒ€€†.…  11827 „ € 330602    170.0         0    11 157.0 0.0      0. 0     0     104.0  53.2    53.0     0.2
ƒ‘“„€‘’‚…›‰ O… €5270-7
06.11           2   89534 €’›‚ ‚..    19061 174.0         0     4 228.0 150.0    0.     0 0     299.0  78.7    79.0    -0.3
07.11           5   89540 €’›‚ ‚..    19061 173.0         0     5 299.0   0.0    0.     0 0     221.0  78.7    78.0     0.7
09.11          10   89557 €’›‚ ‚..    19061 248.0      1400     7 221.0 150.0    0.     0 0     263.0 112.8   108.0     4.8
12.11          10   89617 €’›‚ ‚..    19061 268.0      1660     9 263.0  89.0    0.     0 0     234.0 122.6   118.0     4.6
16.11          17   89597 €’›‚ ‚..    19061 40.0          0     2 234.0   0.0    0.     0 0     216.0  18.6    18.0     0.6
18.11          11   89698 €’›‚ ‚..    19061 180.0         0     3 214.0   0.0    0.     0 0     135.0  80.8    79.0     1.8
19.11          17   89709 €’›‚ ‚..    19061 180.0         0     4 135.0 103.0    0.     0 0     158.0  81.3    80.0     1.3
20.11          17   89740 €’›‚ ‚..    19061 222.0         0     4 158.0  80.0    0.     0 0     138.0  99.8   100.0    -0.2
‘  6 20 ƒ€€†.…  12246 „ € 330600    1485.0     3060    38 228.0 572.0    0. 0     0     138.0 673.3   660.0    13.3
ƒ‘“„€‘’‚…›‰ O… €I1335-7
09.11          10   89556 —……‚ B..    32298 288.0      1800     9 196.0 120.0    0.     0 0     189.0 133.6   127.0     6.6
10.11          10   89573 —……‚ B..    32298 268.0      1600     8 189.0 110.0    0.     0 0     181.0 124.2   118.0     6.2
11.11          10   89590 —……‚ B..    32298 288.0      1800     9 181.0 120.0    0.     0 0     174.0 133.6   127.0     6.6
12.11          10   89618 —……‚ B..    32298 288.0      1800     9 174.0  89.0    0.     0 0     136.0 133.6   127.0     6.6
13.11          10   89638 —……‚ B..    32298 308.0      2000    10 136.0 150.0    0.     0 0     150.0 142.9   136.0     6.9
16.11          16   89667 —……‚ B..    32298 268.0      1600     8 150.0 120.0    0.     0 0     152.0 124.2   118.0     6.2
17.11          16   89680 —……‚ B..    32298 268.0      1600     8 152.0  80.0    0.     0 0     114.0 124.2   118.0     6.2
18.11          16   89699 —……‚ B..    32298 224.0      1160     9 114.0 120.0    0.     0 0     134.0 104.4   100.0     4.4
19.11          17   89712 —……‚ B..    32298 222.0         0     4 134.0  80.0    0.     0 0     112.0 102.2   102.0     0.2
20.11          17   89728 —……‚ B..    32298 222.0         0     4 112.0  82.0    0.     0 0      92.0 102.2   102.0     0.2
23.11          17   89748 —……‚ B..    32298 222.0         0     4  92.0 132.0    0.     0 0     119.0 102.2   105.0    -2.8
‘  9 23 ƒ€€†.…  12254 „ € 330601    2866.0    13360    82 196.0 1203.    0. 0     0     119.0 1327.3 1280.0    47.3
ƒ‘“„€‘’‚…›‰ O… €I4259-7
19.11          16   89715 —……‚ ..    32300 108.0         0       233.0   0.0    0.     0 0     188.0  41.9    45.0    -3.1
‘ 19 19 ƒ€€†.…  12262 „ € 330601    108.0         0       233.0 0.0      0. 0     0     188.0  41.9    45.0    -3.1
ƒ‘“„€‘’‚…›‰ O… €I4258-7
11.11          17   89586 ‘–€ .€.       1904 150.0         0    12 215.0 120.0    0.     0 0     264.0  71.4    71.0     0.4
12.11          17   89622 ‘–€ .€.       1904 150.0         0    12 264.0  89.0    0.     0 0     282.0  71.4    71.0     0.4
13.11          17   89641 ‘–€ .€.       1904 150.0         0    12 282.0 120.0    0.     0 0     330.0  71.4    72.0    -0.6
19.11          16   89716 ‘–€ .€.       1904 108.0         0       330.0   0.0    0.     0 0     285.0  41.9    45.0    -3.1
20.11          16   89739 ‘–€ .€.       1904 238.0      1390     4 285.0  80.0    0.     0 0     255.0 109.5   110.0    -0.5
23.11          17   89761 ‘–€ .€.       1904 204.0         0     3 255.0  60.0    0.     0 0     223.0  93.8    92.0     1.8
24.11          17   89772 ‘–€ .€.       1904 204.0         0     3 223.0  80.0    0.     0 0     210.0  93.8    93.0     0.8
‘ 11 24 ƒ€€†.…  12271 „ € 330601    1204.0     1390    46 215.0 549.0    0. 0     0     210.0 553.2   554.0    -0.8
ƒ‘“„€‘’‚…›‰ O… AP0194-7
02.11           2   89458 —“€‚ B.B.     36188 212.0         0     4 228.0 120.0    0.     0 0     253.0  95.4    95.0     0.4
06.11           2   89533 —“€‚ B.B.     36188 173.0         0     8 253.0   0.0    0.     0 0     173.0  80.2    80.0     0.2
07.11           5   89539 —“€‚ B.B.     36188 174.0         0     8 173.0 120.0    0.     0 0     213.0  80.7    80.0     0.7
--------------------------------------------------------------------------------------------------------------------------------
 ƒ "¨­ααβΰ®©"                                                                        „ ”› 593952
                                           ‘‚…„…
                                   €‘•„… ’‹‚€  ‡€         2020  ƒ„
62014                                      „€’€ ‘—…’€ 25/11/20                                 ‹‘’   5

--------------------------------------------------------------------------------------------------------------------------------
:    :- :“’…‚‰ ‹‘’ :    ‚  „  ’ … ‹     :…ƒ: ƒ“‡-:‹-:‘’€-: ‹“—…  :‚‡‚€™… :‘’€-:   € ‘ •  „  ::
:„€’€:… :-------------------------------------:      :       :—…‘’-: ’ : ‹ (“) : ‹ (“) : ’ :---------------: +:
:    :‚…„.:… :… :                 : ’€.:    : ’: ‚  :  :-----------:-----------:  :     : ”€’  :……-:
:    :    :€— :„“- :  ”€‹ ..   :…:      :       :…‡„:‚›…‡-:   :   :   :   :‚‡- : … : /‹ :€‘- :
:    :    :      :…’€ :                 :     :      :  ’  :     : „…  : /‹ :‚…„: /‹ :‚…„:‚€’…:       :       :•„ -:
--------------------------------------------------------------------------------------------------------------------------------
09.11           5   89553 —“€‚ B.B.     36188 176.0         0    14 213.0  80.0    0.     0 0     210.0  84.6    83.0     1.6
10.11          10   89574 —“€‚ B.B.     36188 268.0      1600     8 210.0 140.0    0.     0 0     238.0 122.1   112.0    10.1
11.11          10   89591 —“€‚ B.B.     36188 288.0      1800     9 238.0 100.0    0.     0 0     213.0 131.4   125.0     6.4
12.11          10   89619 —“€‚ B.B.     36188 288.0      1800     9 213.0  89.0    0.     0 0     177.0 131.4   125.0     6.4
13.11          10   89639 —“€‚ B.B.     36188 288.0      1800     9 177.0 150.0    0.     0 0     202.0 131.4   125.0     6.4
16.11          16   89668 —“€‚ B.B.     36188 288.0      1800     9 202.0 150.0    0.     0 0     227.0 131.4   125.0     6.4
17.11          16   89681 —“€‚ B.B.     36188 268.0      1600     8 227.0 140.0    0.     0 0     225.0 122.1   142.0   -19.9
18.11          16   89700 —“€‚ B.B.     36188 216.0      1080     7 225.0  94.0    0.     0 0     225.0  98.7    94.0     4.7
19.11          17   89711 —“€‚ B.B.     36188 222.0         0     4 225.0 120.0    0.     0 0     245.0  99.8   100.0    -0.2
20.11          17   89727 —“€‚ B.B.     36188 222.0         0     4 245.0  82.0    0.     0 0     217.0  99.8   110.0   -10.2
23.11          17   89747 —“€‚ B.B.     36188 222.0         0     4 217.0 100.0    0.     0 0     210.0  99.8   107.0    -7.2
24.11          17   89775 —“€‚ B.B.     36188 222.0         0     4 210.0 120.0    0.     0 0     225.0  99.8   105.0    -5.2
‘  2 24 ƒ€€†.…  12289 „ € 330600    3527.0    11480   109 228.0 1605.    0. 0     0     225.0 1608.6 1608.0     0.6
ƒ‘“„€‘’‚…›‰ O… €3459-7
02.11           7   89456 “‘‰ ‹..      9050 288.0      2000    10   8.0 150.0    0.     0 0      30.0 131.9   128.0     3.9
03.11           7   89480 “‘‰ ‹..      9050 288.0      1800     9  30.0 130.0    0.     0 0      33.0 131.4   127.0     4.4
04.11           7   89491 “‘‰ ‹..      9050 208.0      1000     5  33.0 140.0    0.     0 0      80.0  94.2    93.0     1.2
05.11           7   89516 “‘‰ ‹..      9050 289.0      1688     2  80.0 110.0    0.     0 0      69.0 124.0   121.0     3.0
06.11           7   89531 “‘‰ ‹..      9050 337.0      2827     3  69.0 110.0    0.     0 0      36.0 144.8   143.0     1.8
09.11           5   89559 “‘‰ ‹..      9050 165.0         0     4  36.0 130.0    0.     0 0      92.0  74.7    74.0     0.7
11.11          11   89587 €“‚ ..       9385 150.0         0    12  92.0 123.0    0.     0 0     143.0  72.1    72.0     0.1
12.11          11   89623 €“‚ ..       9385 150.0         0    12 143.0  89.0    0.     0 0     160.0  72.1    72.0     0.1
13.11          11   89642 €“‚ ..       9385 150.0         0    12 160.0 127.0    0.     0 0     215.0  72.1    72.0     0.1
18.11          11   89697 €“‚ ..       9385 180.0         0     3 215.0 139.0    0.     0 0     273.0  80.8    81.0    -0.2
‘  2 18 ƒ€€†.…  12301 „ € 330600    2205.0     9315    72   8.0 1248.    0. 0     0     273.0 998.1   983.0    15.1
ƒ‘“„€‘’‚…›‰ O… €0243-7
‚ ’ —‘‹…  ‚„’…‹
                          “‘‰ ‹..      9050 1575.0     9315             770.0           0             701.0  686.0     15.0
                          €“‚ ..       9385 630.0         0             478.0           0             297.1  297.0      0.1
02.11           2   89444 €‡€— ‚ €     5970 25.0          0     1   2.0 200.0    0.     0 0     190.0  11.0    12.0    -1.0
12.11           9   89615 €‡€— ‚ €     5970 203.0      3165     3 190.0   0.0    0.     0 0      95.0  95.0    95.0     0.0
13.11           9   89636 €‡€— ‚ €     5970 203.0      3165     3  95.0 170.0    0.     0 0     170.0  95.0    95.0     0.0
16.11          12   89661 €‡€— ‚ €     5970 203.0      3165     3 170.0 150.0    0.     0 0     225.0  95.0    95.0     0.0
17.11          12   89676 €‡€— ‚ €     5970 203.0      3165     3 225.0  80.0    0.     0 0     210.0  95.0    95.0     0.0
18.11          13   89693 €‡€— ‚ €     5970 203.0      3165     3 210.0   0.0    0.     0 0     115.0  95.0    95.0     0.0
19.11          15   89721 €‡€— ‚ €     5970 203.0      3165     3 115.0 160.0    0.     0 0     180.0  95.0    95.0     0.0
‘  2 19 ƒ€€†.…  12319 „ € 330605    1243.0    18990    19   2.0 760.0    0. 0     0     180.0 581.0   582.0    -1.0
ƒ‘“„€‘’‚…›‰ O… €C1817-7
02.11           7   89455 ‚€         13470 288.0      3120    10 105.0 150.0    0.     0 0     110.0 150.3   145.0     5.3
03.11           5   89470 ‚€         13470 150.0         0    28 110.0 150.0    0.     0 0     160.0 101.1   100.0     1.1
04.11           7   89492 ‚€         13470 208.0      1650     5 160.0 140.0    0.     0 0     200.0 106.4   100.0     6.4
05.11           7   89517 ‚€         13470 289.0      2629     2 200.0 100.0    0.     0 0     167.0 135.5   133.0     2.5
06.11           7   89529 ‚€         13470 337.0      4339     3 167.0 200.0    0.     0 0     212.0 158.4   155.0     3.4
12.11           9   89616 ‚€         13470 203.0      3165     3 212.0 110.0    0.     0 0     227.0  95.0    95.0     0.0
13.11           9   89637 ‚€         13470 203.0      3165     3 227.0  80.0    0.     0 0     212.0  95.0    95.0     0.0
16.11          13   89662 ‚€         13470 203.0      3165     3 212.0 150.0    0.     0 0     267.0  95.0    95.0     0.0
17.11          13   89677 ‚€         13470 203.0      3165     3 267.0  80.0    0.     0 0     252.0  95.0    95.0     0.0
18.11          13   89692 ‚€         13470 203.0      3165     3 252.0   0.0    0.     0 0     157.0  95.0    95.0     0.0
19.11          15   89720 ‚€         13470 203.0      3165     3 157.0 160.0    0.     0 0     222.0  95.0    95.0     0.0
‘  2 19 ƒ€€†.…  12327 „ € 330605    2490.0    30728    66 105.0 1320.    0. 0     0     222.0 1221.7 1203.0    18.7
ƒ‘“„€‘’‚…›‰ O… €C1818-7
03.11           7   89481 €‘‚‘‰ ‹.E.   9921 288.0      2250     9 172.0 140.0    0.     0 0     181.0 135.1   131.0     4.1
04.11           7   89493 €‘‚‘‰ ‹.E.   9921 208.0      1250     5 181.0 180.0    0.     0 0     269.0  96.1    92.0     4.1
05.11           7   89518 €‘‚‘‰ ‹.E.   9921 289.0      2083     2 269.0  70.0    0.     0 0     220.0 121.9   119.0     2.9
--------------------------------------------------------------------------------------------------------------------------------
 ƒ "¨­ααβΰ®©"                                                                        „ ”› 593952
                                           ‘‚…„…
                                   €‘•„… ’‹‚€  ‡€         2020  ƒ„
62014                                      „€’€ ‘—…’€ 25/11/20                                 ‹‘’   6

--------------------------------------------------------------------------------------------------------------------------------
:    :- :“’…‚‰ ‹‘’ :    ‚  „  ’ … ‹     :…ƒ: ƒ“‡-:‹-:‘’€-: ‹“—…  :‚‡‚€™… :‘’€-:   € ‘ •  „  ::
:„€’€:… :-------------------------------------:      :       :—…‘’-: ’ : ‹ (“) : ‹ (“) : ’ :---------------: +:
:    :‚…„.:… :… :                 : ’€.:    : ’: ‚  :  :-----------:-----------:  :     : ”€’  :……-:
:    :    :€— :„“- :  ”€‹ ..   :…:      :       :…‡„:‚›…‡-:   :   :   :   :‚‡- : … : /‹ :€‘- :
:    :    :      :…’€ :                 :     :      :  ’  :     : „…  : /‹ :‚…„: /‹ :‚…„:‚€’…:       :       :•„ -:
--------------------------------------------------------------------------------------------------------------------------------
06.11           7   89530 €‘‚‘‰ ‹.E.   9921 337.0      3171     3 220.0 180.0    0.     0 0     260.0 142.6   140.0     2.6
10.11          12   89570 €‘‚‘‰ ‹.E.   9921 272.0      2213     5 260.0   0.0    0.     0 0     140.0 124.1   120.0     4.1
11.11          12   89593 €‘‚‘‰ ‹.E.   9921 238.0      1775     4 140.0 165.0    0.     0 0     203.0 108.2   102.0     6.2
12.11          11   89620 €‘‚‘‰ ‹.E.   9921 337.0         0     3 203.0 115.0    0.     0 0     168.0 150.5   150.0     0.5
13.11          10   89644 €‘‚‘‰ ‹.E.   9921 288.0      1800     9 168.0 200.0    0.     0 0     238.0 135.1   130.0     5.1
17.11          16   89682 €‘‚‘‰ ‹.E.   9921 268.0      2000     8 238.0 120.0    0.     0 0     238.0 125.3   120.0     5.3
18.11          17   89687 €‘‚‘‰ ‹.E.   9921 222.0         0     4 238.0  80.0    0.     0 0     217.0 101.2   101.0     0.2
19.11          17   89714 €‘‚‘‰ ‹.E.   9921 222.0         0     4 217.0 140.0    0.     0 0     256.0 101.2   101.0     0.2
23.11          17   89730 €‘‚‘‰ ‹.E.   9921 222.0         0     4 256.0 150.0    0.     0 0     305.0 101.2   101.0     0.2
‘  3 23 ƒ€€†.…  12335 „ € 330606    3191.0    16542    60 172.0 1540.    0. 0     0     305.0 1442.5 1407.0    35.5
ƒ‘“„€‘’‚…›‰ O… €C3419-7
02.11          17   89457 €“”… B.B.   5673 176.0         0    15 194.0 150.0    0.     0 0     253.0  92.1    91.0     1.1
03.11          17   89471 €“”… B.B.   5673 176.0         0    15 253.0   0.0    0.     0 0     162.0  92.1    91.0     1.1
04.11          17   89485 €“”… B.B.   5673 176.0         0    15 162.0 200.0    0.     0 0     271.0  92.1    91.0     1.1
05.11          17   89507 €“”… B.B.   5673 176.0         0    15 271.0   0.0    0.     0 0     180.0  92.1    91.0     1.1
06.11          17   89521 €“”… B.B.   5673 176.0         0    15 180.0 160.0    0.     0 0     249.0  92.1    91.0     1.1
07.11          11   89538 €“”… B.B.   5673 176.0         0     8 249.0   0.0    0.     0 0     164.0  85.1    85.0     0.1
09.11          17   89558 €“”… B.B.   5673 176.0         0    15 164.0   0.0    0.     0 0      74.0  92.1    90.0     2.1
10.11          17   89576 €“”… B.B.   5673 176.0         0    15  74.0 170.0    0.     0 0     153.0  92.1    91.0     1.1
12.11          11   89594 €“”… B.B.   5673 337.0         0     3 153.0 110.0    0.     0 0     113.0 150.5   150.0     0.5
16.11          11   89669 €“”… B.B.   5673 179.0         0     3 113.0 200.0    0.     0 0     231.0  81.4    82.0    -0.6
17.11          16   89683 €“”… B.B.   5673 268.0      2000     8 231.0 180.0    0.     0 0     301.0 125.3   110.0    15.3
18.11          17   89686 €“”… B.B.   5673 222.0         0     4 301.0   0.0    0.     0 0     200.0 101.2   101.0     0.2
19.11          17   89713 €“”… B.B.   5673 212.0         0     4 200.0 160.0    0.     0 0     259.0  96.8   101.0    -4.2
20.11          17   89729 €“”… B.B.   5673 222.0         0     4 259.0 110.0    0.     0 0     268.0 101.2   101.0     0.2
23.11          17   89749 €“”… B.B.   5673 222.0         0     4 268.0 150.0    0.     0 0     317.0 101.2   101.0     0.2
‘  2 23 ƒ€€†.…  12343 „ € 330606    3070.0     2000   143 194.0 1590.    0. 0     0     317.0 1487.4 1467.0    20.4
ƒ‘“„€‘’‚…›‰ O… €C3420-7
02.11           2   89462 ‘‹€ .C.       3565 158.0         0     4 201.0 150.0    0.     0 0     272.0  76.7    79.0    -2.3
03.11           2   89483 ‘‹€ .C.       3565 24.0          0     1 272.0   0.0    0.     0 0     261.0   9.8    11.0    -1.2
06.11           2   89532 ‘‹€ .C.       3565 173.0         0     5 261.0 150.0    0.     0 0     326.0  84.3    85.0    -0.7
09.11          10   89555 ‘‹€ .C.       3565 288.0      1600     8 326.0 150.0    0.     0 0     339.0 140.2   137.0     3.2
10.11          10   89575 ‘‹€ .C.       3565 268.0      1600     8 339.0 120.0    0.     0 0     333.0 130.8   126.0     4.8
11.11          10   89479 ‘‹€ .C.       3565 288.0      1800     9 333.0 123.0    0.     0 0     329.0 140.7   127.0    13.7
12.11          11   89621 ‘‹€ .C.       3565 337.0         0     3 329.0  80.0    0.     0 0     240.0 160.9   169.0    -8.1
13.11          10   89640 ‘‹€ .C.       3565 288.0      1800     9 240.0 150.0    0.     0 0     260.0 140.7   130.0    10.7
16.11          17   89666 ‘‹€ .C.       3565 40.0          0     2 260.0   0.0    0.     0 0     240.0  19.9    20.0    -0.1
17.11          11   89670 ‘‹€ .C.       3565 180.0         0     3 240.0 150.0    0.     0 0     303.0  86.6    87.0    -0.4
18.11          17   89696 ‘‹€ .C.       3565 134.0         0     1 303.0  60.0    0.     0 0     306.0  63.9    57.0     6.9
19.11          17   89724 ‘‹€ .C.       3565 24.0          0     1 306.0   0.0    0.     0 0     295.0   9.8    11.0    -1.2
20.11          16   89731 ‘‹€ .C.       3565 334.0      2492     3 295.0  82.0    0.     0 0     216.0 149.2   161.0   -11.8
23.11          17   89771 ‘‹€ .C.       3565 204.0         0     3 216.0 132.0    0.     0 0     241.0  98.0   107.0    -9.0
24.11          17   89773 ‘‹€ .C.       3565 204.0         0     3 241.0 134.0    0.     0 0     275.0  98.0   100.0    -2.0
‘  2 24 ƒ€€†.…  12350 „ € 330610    2944.0     9292    63 201.0 1481.    0. 0     0     275.0 1409.5 1407.0     2.5
ƒ‘“„€‘’‚…›‰ O… €T0777-7
02.11           3   89468  ‘..        1457 86.0        480        47.0 150.0    0.     0 0     152.0  45.5    45.0     0.5
04.11           6   89482  ‘..        1457 76.0        334       152.0   0.0    0.     0 0     101.0  51.2    51.0     0.2
06.11          16   89535  ‘..        1457 114.0       425       101.0 150.0    0.     0 0     181.0  70.1    70.0     0.1
09.11           9   89561  ‘..        1457 50.0        206       181.0   0.0    0.     0 0     146.0  34.6    35.0    -0.4
10.11          16   89572  ‘..        1457 144.0       893       146.0 130.0    0.     0 0     194.0  81.8    82.0    -0.2
11.11           9   89592  ‘..        1457 78.0        562       194.0   0.0    0.     0 0     136.0  58.5    58.0     0.5
12.11           9   89626  ‘..        1457 70.0        305       136.0  89.0    0.     0 0     180.0  45.6    45.0     0.6
13.11           9   89645  ‘..        1457 50.0        133       180.0   0.0    0.     0 0     146.0  34.5    34.0     0.5
14.11          12   89647  ‘..        1457 70.0        499       146.0 120.0    0.     0 0     211.0  55.0    55.0     0.0
--------------------------------------------------------------------------------------------------------------------------------
 ƒ "¨­ααβΰ®©"                                                                        „ ”› 593952
                                           ‘‚…„…
                                   €‘•„… ’‹‚€  ‡€         2020  ƒ„
62014                                      „€’€ ‘—…’€ 25/11/20                                 ‹‘’   7

--------------------------------------------------------------------------------------------------------------------------------
:    :- :“’…‚‰ ‹‘’ :    ‚  „  ’ … ‹     :…ƒ: ƒ“‡-:‹-:‘’€-: ‹“—…  :‚‡‚€™… :‘’€-:   € ‘ •  „  ::
:„€’€:… :-------------------------------------:      :       :—…‘’-: ’ : ‹ (“) : ‹ (“) : ’ :---------------: +:
:    :‚…„.:… :… :                 : ’€.:    : ’: ‚  :  :-----------:-----------:  :     : ”€’  :……-:
:    :    :€— :„“- :  ”€‹ ..   :…:      :       :…‡„:‚›…‡-:   :   :   :   :‚‡- : … : /‹ :€‘- :
:    :    :      :…’€ :                 :     :      :  ’  :     : „…  : /‹ :‚…„: /‹ :‚…„:‚€’…:       :       :•„ -:
--------------------------------------------------------------------------------------------------------------------------------
15.11          12   89649  ‘..        1457 86.0        565       211.0   0.0    0.     0 0     158.0  53.6    53.0     0.6
17.11          15   89671  ‘..        1457 114.0       922       158.0   0.0    0.     0 0      86.0  72.1    72.0     0.1
20.11          15   89743  ‘..        1457 68.0        310        86.0  82.0    0.     0 0     123.0  45.4    45.0     0.4
21.11          15   89763  ‘..        1457 56.0        365       123.0  70.0    0.     0 0     159.0  34.7    34.0     0.7
‘  2 21 ƒ€€†.…  13064 „ € 340502    1062.0     5999        47.0 791.0    0. 0     0     159.0 682.6   679.0     3.6
ƒ‘“„€‘’‚…›‰ O… AC1659-7
02.11           3   89459 €“ B.M.     9075 139.0       918        40.0 150.0    0.     0 0     124.0  64.4    66.0    -1.6
03.11           3   89475 €“ B.M.     9075 113.0       720       124.0 100.0    0.     0 0     158.0  66.3    66.0     0.3
04.11           3   89490 €“ B.M.     9075 197.0      1475       158.0 150.0    0.     0 0     206.0 100.6   102.0    -1.4
05.11           6   89513 €“ B.M.     9075 288.0      1926       206.0   0.0    0.     0 0      58.0 147.5   148.0    -0.5
06.11           6   89524 €“ B.M.     9075 132.0       575        58.0 150.0    0.     0 0     125.0  78.7    83.0    -4.3
10.11          12   89579 €“ B.M.     9075 64.0        307       125.0 150.0    0.     0 0     229.0  45.9    46.0    -0.1
11.11          16   89537 €“ B.M.     9075 171.0      1248       229.0   0.0    0.     0 0     126.0 103.4   103.0     0.4
12.11          12   89625 €“ B.M.     9075 46.0        269       126.0  89.0    0.     0 0     184.0  29.5    31.0    -1.5
13.11          16   89643 €“ B.M.     9075 76.0        358       184.0 130.0    0.     0 0     261.0  52.4    53.0    -0.6
14.11          15   89648 €“ B.M.     9075 71.0        449       261.0   0.0    0.     0 0     211.0  50.1    50.0     0.1
17.11          15   89598 €“ B.M.     9075 79.0        424       211.0   0.0    0.     0 0     156.0  56.0    55.0     1.0
‘  2 17 ƒ€€†.…  13072 „ € 340502    1376.0     8669        40.0 919.0    0. 0     0     156.0 794.8   803.0    -8.2
ƒ‘“„€‘’‚…›‰ O… AC1994-7
10.11         900   89577 “‘‰ ‹..      9050 0.0           0        48.0   0.0    0.     0 0      48.0   0.0     0.0     0.0
11.11         900   89582 “‘‰ ‹..      9050 24.0          0        48.0   0.0    0.     0 0      37.0  10.8    11.0    -0.2
12.11         900   89608 “‘‰ ‹..      9050 81.0          0        37.0  59.0    0.     0 0      61.0  36.3    35.0     1.3
13.11         900   89629 “‘‰ ‹..      9050 24.0          0        61.0   0.0    0.     0 0      50.0  10.8    11.0    -0.2
16.11         900   89657 “‘‰ ‹..      9050 26.0          0        50.0   0.0    0.     0 0      38.0  11.7    12.0    -0.3
17.11         900   89600 “‘‰ ‹..      9050 0.0           0        38.0   0.0    0.     0 0      38.0   0.0     0.0     0.0
‘ 10 17 ƒ€€†.…  14915 „ € 361526    155.0         0        48.0 59.0     0. 0     0      38.0  69.6    69.0     0.6
ƒ‘“„€‘’‚…›‰ O… ‘ 22-61
’ƒ  ‹…
…‡ €-92                                         1520                      175.          0                         175.
                                                                0                     0.0    0                183.      8.3
„‡’‹‚                                          47396         1028       20269.          0                       19436.
                                                           204773                     0.0    0              19572.      136.3
                                „‡’‹‚
’ƒ  €
…‡ €-92                                     1520.0                    175.0       0                           175.0
                                                                0                0.00        0            183.3         8.3
„‡’‹‚                                       47396.0          1028     20269.0     0                           19436.0
                                                           204773                0.00        0            19572.3       136.3
