 ƒ "¨­ααβΰ®©"                                                                        „ ”› 593952
                                           ‘‚…„…
                                   €‘•„… ’‹‚€  ‡€ ’       2020  ƒ„
62014                                      „€’€ ‘—…’€ 10/11/20                                 ‹‘’   1

--------------------------------------------------------------------------------------------------------------------------------
:    :- :“’…‚‰ ‹‘’ :    ‚  „  ’ … ‹     :…ƒ: ƒ“‡-:‹-:‘’€-: ‹“—…  :‚‡‚€™… :‘’€-:   € ‘ •  „  ::
:„€’€:… :-------------------------------------:      :       :—…‘’-: ’ : ‹ (“) : ‹ (“) : ’ :---------------: +:
:    :‚…„.:… :… :                 : ’€.:    : ’: ‚  :  :-----------:-----------:  :     : ”€’  :……-:
:    :    :€— :„“- :  ”€‹ ..   :…:      :       :…‡„:‚›…‡-:   :   :   :   :‚‡- : … : /‹ :€‘- :
:    :    :      :…’€ :                 :     :      :  ’  :     : „…  : /‹ :‚…„: /‹ :‚…„:‚€’…:       :       :•„ -:
--------------------------------------------------------------------------------------------------------------------------------
                                …‡ €-92
01.10         900   88970 ƒ…€ ‚ ‘        9253 94.0          0         1.0  21.0    0.     0 0      10.0  12.8    12.0     0.8
02.10         900   88994 ƒ…€ ‚ ‘        9253 73.0          0        10.0   0.0    0.     0 0       1.0  10.0     9.0     1.0
05.10         900   89019 ƒ…€ ‚ ‘        9253 74.0          0         1.0  60.0    0.     0 0      50.0  10.1    11.0    -0.9
06.10         900   89034 ƒ…€ ‚ ‘        9253 80.0          0        50.0  10.0    0.     0 0      49.0  10.9    11.0    -0.1
07.10         900   89054 ƒ…€ ‚ ‘        9253 63.0          0        49.0   0.0    0.     0 0      41.0   8.6     8.0     0.6
08.10         900   89074 ƒ…€ ‚ ‘        9253 77.0          0        41.0   0.0    0.     0 0      31.0  10.5    10.0     0.5
09.10         900   89093 ƒ…€ ‚ ‘        9253 78.0          0        31.0   0.0    0.     0 0      20.0  10.6    11.0    -0.4
12.10         901   89117 ƒ…€ ‚ ‘        9253 83.0          0        20.0  27.0    0.     0 0      36.0  11.3    11.0     0.3
13.10         901   89162 ƒ…€ ‚ ‘        9253 85.0          0        36.0   0.0    0.     0 0      25.0  11.6    11.0     0.6
14.10         901   89183 ƒ…€ ‚ ‘        9253 77.0          0        25.0  25.0    0.     0 0      40.0  10.5    10.0     0.5
15.10         901   89208 ƒ…€ ‚ ‘        9253 63.0          0        40.0   0.0    0.     0 0      32.0   8.6     8.0     0.6
16.10         901   89223 ƒ…€ ‚ ‘        9253 50.0          0        32.0   0.0    0.     0 0      25.0   6.8     7.0    -0.2
19.10         901   89246 ƒ…€ ‚ ‘        9253 20.0          0        25.0   0.0    0.     0 0      22.0   2.7     3.0    -0.3
20.10         901   89272 ƒ…€ ‚ ‘        9253 23.0          0        22.0   0.0    0.     0 0      19.0   3.1     3.0     0.1
21.10         901   89289 ƒ…€ ‚ ‘        9253 24.0          0        19.0   0.0    0.     0 0      16.0   3.3     3.0     0.3
22.10         901   89311 ƒ…€ ‚ ‘        9253 45.0          0        16.0   0.0    0.     0 0      10.0   6.1     6.0     0.1
23.10         901   89329 ƒ…€ ‚ ‘        9253 50.0          0        10.0   0.0    0.     0 0       3.0   6.8     7.0    -0.2
26.10         901   89344 ƒ…€ ‚ ‘        9253 81.0          0         3.0  30.0    0.     0 0      22.0  11.0    11.0     0.0
27.10         901   89303 ƒ…€ ‚ ‘        9253 82.0          0        22.0   0.0    0.     0 0      11.0  11.2    11.0     0.2
28.10         901   89375 ƒ…€ ‚ ‘        9253 80.0          0        11.0  30.0    0.     0 0      30.0  10.9    11.0    -0.1
29.10         901   89408 ƒ…€ ‚ ‘        9253 91.0          0        30.0   0.0    0.     0 0      18.0  12.4    12.0     0.4
30.10         901   89401 ƒ…€ ‚ ‘        9253 71.0          0        18.0   0.0    0.     0 0       9.0   9.7     9.0     0.7
31.10     2               ƒ…€ ‚ ‘        9253 0.0           0         0.0   0.0  203.     0 0       0.0   0.0     0.0     0.0
‘  1 31 ƒ€€†.…  10049 „ € 220030    1464.0        0         1.0 203.0  203. 0     0       9.0 199.5   195.0     4.5
ƒ‘“„€‘’‚…›‰ O… €€6622-7
01.10         900  600787 €‹…•‚— € €    20017 111.0         0        45.0   0.0    0.     0 0      34.0  11.1    11.0     0.1
05.10         900  600788 €‚ B..     21342 470.0         0        34.0  64.0    0.     0 0      51.0  47.0    47.0     0.0
16.10         901  600790 €‚ B..     21342 610.0         0        51.0  60.0    0.     0 0      50.0  61.0    61.0     0.0
31.10     2               €‹…•‚— € €    20017 0.0           0         0.0   0.0  124.     0 0       0.0   0.0     0.0     0.0
‘  1 31 ƒ€€†.…  11118 „ € 113080    1191.0        0        45.0 124.0  124. 0     0      50.0 119.1   119.0     0.1
ƒ‘“„€‘’‚…›‰ O… 80-28€…7
‚ ’ —‘‹…  ‚„’…‹
                          €‹…•‚— € €    20017 111.0         0               0.0           0              11.1  11.0       0.1
                          €‚ B..     21342 1080.0        0             124.0           0             108.0  108.0      0.0
                                …‡ €-95
01.10         911  600786 ’‚ €.….     20525 546.0         0        12.2  88.0    0.     0 0      33.2  67.2    67.0     0.2
16.10         911  600789 ’‚ €.….     20525 487.0         0        33.2  37.0    0.     0 0      10.5  59.9    59.7     0.2
31.10     3               ’‚ €.….     20525 0.0           0         0.0   0.0  125.     0 0       0.0   0.0     0.0     0.0
‘  1 31 ƒ€€†.…  10014 „ € 113001    1033.0        0        12.2 125.0  125. 0     0      10.5 127.1   126.7     0.4
ƒ‘“„€‘’‚…›‰ O… 0014II-7
                                „‡’‹‚
01.10           3   88988 €‹ A.B.          27 70.0        472       328.0   0.0    0.     0 0     300.0  28.0    28.0     0.0
06.10           6   89043 €‹ A.B.          27 82.0        743       300.0   0.0    0.     0 0     265.0  35.1    35.0     0.1
07.10           6   89067 €‹ A.B.          27 82.0        765       265.0   0.0    0.     0 0     230.0  35.4    35.0     0.4
08.10          10   89086 €‹ A.B.          27 245.0      2399       230.0 257.0    0.     0 0     385.0 103.0   102.0     1.0
09.10          10   89151 €‹ A.B.          27 245.0      2422       385.0   0.0    0.     0 0     285.0 103.3   100.0     3.3
12.10          10   89133 €‹ A.B.          27 109.0      1344       285.0   0.0    0.     0 0     231.0  50.9    54.0    -3.1
13.10          15   89177 €‹ A.B.          27 113.0      1262       231.0 219.0    0.     0 0     399.0  51.2    51.0     0.2
14.10          15   89197 €‹ A.B.          27 113.0      1262       399.0   0.0    0.     0 0     348.0  51.2    51.0     0.2
26.10          19   89366 €‹ A.B.          27 143.0         0       348.0   0.0    0.     0 0     298.0  50.2    50.0     0.2
27.10          18   89264 €‹ A.B.          27 131.0      1500       298.0   0.0    0.     0 0     237.0  59.8    61.0    -1.2
28.10          18   89384 €‹ A.B.          27 175.0      2016       237.0 260.0    0.     0 0     417.0  80.0    80.0     0.0
--------------------------------------------------------------------------------------------------------------------------------
 ƒ "¨­ααβΰ®©"                                                                        „ ”› 593952
                                           ‘‚…„…
                                   €‘•„… ’‹‚€  ‡€ ’       2020  ƒ„
62014                                      „€’€ ‘—…’€ 10/11/20                                 ‹‘’   2

--------------------------------------------------------------------------------------------------------------------------------
:    :- :“’…‚‰ ‹‘’ :    ‚  „  ’ … ‹     :…ƒ: ƒ“‡-:‹-:‘’€-: ‹“—…  :‚‡‚€™… :‘’€-:   € ‘ •  „  ::
:„€’€:… :-------------------------------------:      :       :—…‘’-: ’ : ‹ (“) : ‹ (“) : ’ :---------------: +:
:    :‚…„.:… :… :                 : ’€.:    : ’: ‚  :  :-----------:-----------:  :     : ”€’  :……-:
:    :    :€— :„“- :  ”€‹ ..   :…:      :       :…‡„:‚›…‡-:   :   :   :   :‚‡- : … : /‹ :€‘- :
:    :    :      :…’€ :                 :     :      :  ’  :     : „…  : /‹ :‚…„: /‹ :‚…„:‚€’…:       :       :•„ -:
--------------------------------------------------------------------------------------------------------------------------------
29.10          21   89425 €‹ A.B.          27 113.0      1262       417.0   0.0    0.     0 0     365.0  51.2    52.0    -0.8
30.10          22   89438 €‹ A.B.          27 98.0          0       365.0   0.0    0.     0 0     325.0  37.5    40.0    -2.5
31.10     1               €‹ A.B.          27 0.0           0         0.0   0.0  736.     0 0       0.0   0.0     0.0     0.0
‘  1 31 ƒ€€†.…  10332 „ € 322773    1719.0    15447       328.0 736.0  736. 0     0     325.0 736.8   739.0    -2.2
ƒ‘“„€‘’‚…›‰ O… KM 2290
01.10           2   88973 €‚ H.C.        5398 171.0         0       165.0  61.0    0.     0 0     165.0  60.0    61.0    -1.0
02.10           2   88996 €‚ H.C.        5398 170.0         0       165.0 165.0    0.     0 0     270.0  59.6    60.0    -0.4
05.10           2   89022 €‚ H.C.        5398 172.0         0       270.0   0.0    0.     0 0     210.0  60.3    60.0     0.3
06.10           2   89038 €‚ H.C.        5398 175.0         0       210.0 105.0    0.     0 0     255.0  61.4    60.0     1.4
07.10           5   89063 €‚ H.C.        5398 169.0         0       255.0   0.0    0.     0 0     195.0  59.3    60.0    -0.7
09.10           5   89077 €‚ H.C.        5398 155.0         0       195.0 150.0    0.     0 0     290.0  54.4    55.0    -0.6
12.10           5   89139 €‚ H.C.        5398 175.0         0       290.0   0.0    0.     0 0     228.0  61.4    62.0    -0.6
13.10           9   89168 €‚ H.C.        5398 169.0         0       228.0   0.0    0.     0 0     168.0  59.3    60.0    -0.7
14.10          12   89186 €‚ H.C.        5398 165.0         0       168.0  97.0    0.     0 0     205.0  57.9    60.0    -2.1
15.10          12   89211 €‚ H.C.        5398 163.0         0       205.0   0.0    0.     0 0     145.0  57.2    60.0    -2.8
16.10          12   89225 €‚ H.C.        5398 167.0         0       145.0 131.0    0.     0 0     215.0  58.6    61.0    -2.4
19.10          12   89249 €‚ H.C.        5398 159.0         0       215.0 155.0    0.     0 0     314.0  55.8    56.0    -0.2
20.10          16   89280 €‚ H.C.        5398 156.0         0       314.0   0.0    0.     0 0     259.0  54.7    55.0    -0.3
21.10          16   89307 €‚ H.C.        5398 135.0         0       259.0 118.0    0.     0 0     329.0  47.4    48.0    -0.6
22.10          16   89317 €‚ H.C.        5398 145.0         0       329.0   0.0    0.     0 0     278.0  50.9    51.0    -0.1
26.10          19   89347 €‚ H.C.        5398 148.0         0       278.0   0.0    0.     0 0     228.0  51.9    50.0     1.9
29.10          22   89413 €‚ H.C.        5398 149.0         0       228.0   0.0    0.     0 0     185.0  52.3    43.0     9.3
31.10     1               €‚ H.C.        5398 0.0           0         0.0   0.0  982.     0 0       0.0   0.0     0.0     0.0
‘  1 31 ƒ€€†.…  10367 „ € 322773    2743.0        0       165.0 982.0  982. 0     0     185.0 962.4   962.0     0.4
ƒ‘“„€‘’‚…›‰ O… KI 0839
02.10           2   88997 “‹…         4227 148.0         0       161.0   0.0    0.     0 0     107.0  53.4    54.0    -0.6
05.10           2   89021 “‹…         4227 147.0         0       107.0 300.0    0.     0 0     354.0  53.1    53.0     0.1
06.10           5   89037 “‹…         4227 146.0         0       354.0   0.0    0.     0 0     301.0  52.7    53.0    -0.3
07.10           5   89062 “‹…         4227 145.0         0       301.0   0.0    0.     0 0     248.0  52.4    53.0    -0.6
08.10          10   89087 “‹…         4227 175.0      2001       248.0   0.0    0.     0 0     167.0  81.8    81.0     0.8
09.10          10   89111 “‹…         4227 119.0      1336       167.0 203.0    0.     0 0     315.0  55.4    55.0     0.4
12.10          10   89124 “‹…         4227 395.0      3816       315.0 138.0    0.     0 0     300.0 164.9   153.0    11.9
13.10          15   89178 “‹…         4227 113.0      1262       300.0   0.0    0.     0 0     243.0  52.5    57.0    -4.5
16.10          15   89234 “‹…         4227 664.0      2452       243.0 197.0    0.     0 0     202.0 230.6   238.0    -7.4
21.10          15   89298 “‹…         4227 79.0        842       202.0 110.0    0.     0 0     276.0  36.2    36.0     0.2
22.10          18   89320 “‹…         4227 79.0        842       276.0 150.0    0.     0 0     390.0  36.2    36.0     0.2
23.10          18   89338 “‹…         4227 175.0      1993       390.0   0.0    0.     0 0     308.0  81.8    82.0    -0.2
26.10          21   89350 “‹…         4227 113.0      1262       308.0   0.0    0.     0 0     257.0  52.5    51.0     1.5
31.10     1               “‹…         4227 0.0           0         0.0   0.0 1098.     0 0       0.0   0.0     0.0     0.0
‘  2 31 ƒ€€†.…  10987 „ € 322780    2498.0    15806       161.0 1098. 1098. 0     0     257.0 1003.5 1002.0     1.5
ƒ‘“„€‘’‚…›‰ O… … 0098
01.10           1   88976 …— A.C.      30661 112.0       293     3  64.0  15.0    0.     0 0      45.0  34.0    34.0     0.0
02.10           1   89011 …— A.C.      30661 114.0       322     4  45.0  82.0    0.     0 0      92.0  34.8    35.0    -0.2
05.10           1   89025 …— A.C.      30661 112.0       293     3  92.0  80.0    0.     0 0     138.0  34.0    34.0     0.0
06.10           4   89042 …— A.C.      30661 118.0       379     3 138.0   0.0    0.     0 0     102.0  35.8    36.0    -0.2
07.10           4   89066 …— A.C.      30661 160.0       518     4 102.0  35.0    0.     0 0      88.0  48.5    49.0    -0.5
08.10           4   89084 …— A.C.      30661 110.0       239     3  88.0  85.0    0.     0 0     140.0  33.4    33.0     0.4
09.10           8   89110 …— A.C.      30661 102.0       257     3 140.0   0.0    0.     0 0     109.0  31.0    31.0     0.0
12.10           8   89123 …— A.C.      30661 110.0       266     3 109.0  45.0    0.     0 0     121.0  33.4    33.0     0.4
13.10           8   89175 …— A.C.      30661 110.0       285     3 121.0  45.0    0.     0 0     133.0  33.4    33.0     0.4
14.10          11   89194 …— A.C.      30661 102.0       236     3 133.0   0.0    0.     0 0     102.0  31.0    31.0     0.0
15.10          11   89218 …— A.C.      30661 82.0        165     2 102.0  43.0    0.     0 0     120.0  24.8    25.0    -0.2
16.10          11   89233 …— A.C.      30661 82.0        207     2 120.0  65.0    0.     0 0     160.0  24.8    25.0    -0.2
20.10          14   89282 …— A.C.      30661 60.0        128     1 160.0   0.0    0.     0 0     144.0  18.0    16.0     2.0
--------------------------------------------------------------------------------------------------------------------------------
 ƒ "¨­ααβΰ®©"                                                                        „ ”› 593952
                                           ‘‚…„…
                                   €‘•„… ’‹‚€  ‡€ ’       2020  ƒ„
62014                                      „€’€ ‘—…’€ 10/11/20                                 ‹‘’   3

--------------------------------------------------------------------------------------------------------------------------------
:    :- :“’…‚‰ ‹‘’ :    ‚  „  ’ … ‹     :…ƒ: ƒ“‡-:‹-:‘’€-: ‹“—…  :‚‡‚€™… :‘’€-:   € ‘ •  „  ::
:„€’€:… :-------------------------------------:      :       :—…‘’-: ’ : ‹ (“) : ‹ (“) : ’ :---------------: +:
:    :‚…„.:… :… :                 : ’€.:    : ’: ‚  :  :-----------:-----------:  :     : ”€’  :……-:
:    :    :€— :„“- :  ”€‹ ..   :…:      :       :…‡„:‚›…‡-:   :   :   :   :‚‡- : … : /‹ :€‘- :
:    :    :      :…’€ :                 :     :      :  ’  :     : „…  : /‹ :‚…„: /‹ :‚…„:‚€’…:       :       :•„ -:
--------------------------------------------------------------------------------------------------------------------------------
21.10          15   89297 …— A.C.      30661 72.0        178     2 144.0   0.0    0.     0 0     122.0  21.9    22.0    -0.1
22.10          17   89319 …— A.C.      30661 102.0       311     2 122.0  40.0    0.     0 0     131.0  30.8    31.0    -0.2
26.10          17   89349 …— A.C.      30661 84.0        185     2 131.0  50.0    0.     0 0     156.0  25.4    25.0     0.4
28.10          17   89383 …— A.C.      30661 84.0        192     2 156.0   0.0    0.     0 0     131.0  25.4    25.0     0.4
29.10          22   89423 …— A.C.      30661 158.0         0     7 131.0  70.0    0.     0 0     153.0  48.6    48.0     0.6
30.10          20   89430 …— A.C.      30661 82.0        199     2 153.0   0.0    0.     0 0     128.0  24.8    25.0    -0.2
31.10     1               …— A.C.      30661 0.0           0         0.0   0.0  655.     0 0       0.0   0.0     0.0     0.0
‘  1 31 ƒ€€†.…  11606 „ € 330599    1956.0     4653    54  64.0 655.0  655. 0     0     128.0 593.8   591.0     2.8
ƒ‘“„€‘’‚…›‰ O… €‚5980-7
05.10           5   88987 ‹‚— ‹.€.    30718 180.0         0     4   6.0 100.0    0.     0 0      61.0  54.4    45.0     9.4
07.10           5   89040 ‹‚— ‹.€.    30718 190.0         0     4  61.0  60.0    0.     0 0      63.0  57.4    58.0    -0.6
08.10           7   89085 ‹‚— ‹.€.    30718 142.0       461     5  63.0  85.0    0.     0 0     104.0  43.4    44.0    -0.6
09.10           5   89107 ‹‚— ‹.€.    30718 173.0         0     6 104.0  67.0    0.     0 0     118.0  52.8    53.0    -0.2
12.10          10   89135 ‹‚— ‹.€.    30718 90.0        255     3 118.0  46.0    0.     0 0     136.0  27.4    28.0    -0.6
13.10           9   89173 ‹‚— ‹.€.    30718 151.0         0     5 136.0  48.0    0.     0 0     138.0  46.0    46.0     0.0
14.10          12   89191 ‹‚— ‹.€.    30718 153.0         0     5 138.0  48.0    0.     0 0     140.0  46.6    46.0     0.6
16.10          12   89230 ‹‚— ‹.€.    30718 149.0         0     4 140.0  90.0    0.     0 0     185.0  45.2    45.0     0.2
19.10          16   89262 ‹‚— ‹.€.    30718 154.0         0     6 185.0   0.0    0.     0 0     138.0  47.2    47.0     0.2
20.10          19   89279 ‹‚— ‹.€.    30718 160.0         0     8 138.0  50.0    0.     0 0     138.0  49.5    50.0    -0.5
23.10          19   89336 ‹‚— ‹.€.    30718 160.0         0     8 138.0   0.0    0.     0 0      88.0  49.5    50.0    -0.5
26.10          19   89348 ‹‚— ‹.€.    30718 156.0         0    10  88.0  98.0    0.     0 0     136.0  48.8    50.0    -1.2
27.10          19   89373 ‹‚— ‹.€.    30718 165.0         0     8 136.0  70.0    0.     0 0     156.0  50.9    50.0     0.9
28.10          22   89380 ‹‚— ‹.€.    30718 175.0         0    10 156.0   0.0    0.     0 0     101.0  54.4    55.0    -0.6
29.10          22   89414 ‹‚— ‹.€.    30718 165.0         0    15 101.0  53.0    0.     0 0     101.0  52.7    53.0    -0.3
30.10          23   89405 ‹‚— ‹.€.    30718 165.0         0    16 101.0   0.0    0.     0 0      45.0  52.9    56.0    -3.1
31.10     1               ‹‚— ‹.€.    30718 0.0           0         0.0   0.0  815.     0 0       0.0   0.0     0.0     0.0
‘  5 31 ƒ€€†.…  11614 „ € 330598    2528.0      716   117   6.0 815.0  815. 0     0      45.0 779.1   776.0     3.1
ƒ‘“„€‘’‚…›‰ O… €‚5978-7
01.10           3   88977 €‚—“ ƒ.”.      9644 226.0       551     3  89.0  93.0    0.     0 0     113.0  67.8    69.0    -1.2
02.10           3   89014 €‚—“ ƒ.”.      9644 218.0       426     3 113.0  90.0    0.     0 0     140.0  65.4    63.0     2.4
05.10           3   89028 €‚—“ ƒ.”.      9644 142.0       239     2 140.0  80.0    0.     0 0     175.0  42.6    45.0    -2.4
06.10           6   89045 €‚—“ ƒ.”.      9644 212.0       367     3 175.0  52.0    0.     0 0     165.0  63.6    62.0     1.6
07.10           6   89068 €‚—“ ƒ.”.      9644 262.0       343     4 165.0  60.0    0.     0 0     145.0  78.7    80.0    -1.3
08.10           6   89088 €‚—“ ƒ.”.      9644 220.0       497     3 145.0  80.0    0.     0 0     160.0  64.6    65.0    -0.4
09.10           6   89112 €‚—“ ƒ.”.      9644 294.0       484     4 160.0  67.0    0.     0 0     140.0  88.2    87.0     1.2
10.10           6   89131 €‚—“ ƒ.”.      9644 152.0       305     2 140.0  50.0    0.     0 0     145.0  45.6    45.0     0.6
11.10           8   89132 €‚—“ ƒ.”.      9644 152.0       324     2 145.0  45.0    0.     0 0     145.0  45.6    45.0     0.6
12.10           8   89125 €‚—“ ƒ.”.      9644 136.0       112     2 145.0  83.0    0.     0 0     188.0  40.8    40.0     0.8
13.10           8   89179 €‚—“ ƒ.”.      9644 262.0       436     4 188.0  48.0    0.     0 0     158.0  78.7    78.0     0.7
14.10          13   89198 €‚—“ ƒ.”.      9644 158.0       374     2 158.0  48.0    0.     0 0     160.0  47.4    46.0     1.4
15.10          13   89219 €‚—“ ƒ.”.      9644 178.0       354     2 160.0  58.0    0.     0 0     165.0  51.8    53.0    -1.2
16.10          15   89235 €‚—“ ƒ.”.      9644 158.0       219     2 165.0  70.0    0.     0 0     190.0  47.4    45.0     2.4
19.10          15   89265 €‚—“ ƒ.”.      9644 220.0       497     3 190.0  70.0    0.     0 0     195.0  64.6    65.0    -0.4
20.10          15   89283 €‚—“ ƒ.”.      9644 276.0       374     4 195.0  50.0    0.     0 0     165.0  81.5    80.0     1.5
21.10          15   89299 €‚—“ ƒ.”.      9644 302.0       540     4 165.0  59.0    0.     0 0     135.0  89.2    89.0     0.2
22.10          15   89321 €‚—“ ƒ.”.      9644 326.0       975     4 135.0  80.0    0.     0 0     115.0  96.3   100.0    -3.7
23.10          15   89339 €‚—“ ƒ.”.      9644 300.0       719     4 115.0 100.0    0.     0 0     125.0  88.6    90.0    -1.4
26.10          18   89351 €‚—“ ƒ.”.      9644 324.0       631     4 125.0  98.0    0.     0 0     125.0  95.7    98.0    -2.3
27.10          18   89371 €‚—“ ƒ.”.      9644 218.0       363     3 125.0  84.0    0.     0 0     145.0  64.0    64.0     0.0
31.10     1               €‚—“ ƒ.”.      9644 0.0           0         0.0   0.0 1465.     0 0       0.0   0.0     0.0     0.0
‘  1 31 ƒ€€†.…  11622 „ € 330598    4736.0     9130    64  89.0 1465. 1465. 0     0     145.0 1408.1 1409.0    -0.9
ƒ‘“„€‘’‚…›‰ O… €‚5981-7
05.10           7   89032 ‘’…“‹ €..      5230 134.0       182     3  80.0 100.0    0.     0 0     139.0  40.5    41.0    -0.5
12.10          12   89146 ‘’…“‹ €..      5230 178.0         0    15 139.0   0.0    0.     0 0      83.0  56.6    56.0     0.6
--------------------------------------------------------------------------------------------------------------------------------
 ƒ "¨­ααβΰ®©"                                                                        „ ”› 593952
                                           ‘‚…„…
                                   €‘•„… ’‹‚€  ‡€ ’       2020  ƒ„
62014                                      „€’€ ‘—…’€ 10/11/20                                 ‹‘’   4

--------------------------------------------------------------------------------------------------------------------------------
:    :- :“’…‚‰ ‹‘’ :    ‚  „  ’ … ‹     :…ƒ: ƒ“‡-:‹-:‘’€-: ‹“—…  :‚‡‚€™… :‘’€-:   € ‘ •  „  ::
:„€’€:… :-------------------------------------:      :       :—…‘’-: ’ : ‹ (“) : ‹ (“) : ’ :---------------: +:
:    :‚…„.:… :… :                 : ’€.:    : ’: ‚  :  :-----------:-----------:  :     : ”€’  :……-:
:    :    :€— :„“- :  ”€‹ ..   :…:      :       :…‡„:‚›…‡-:   :   :   :   :‚‡- : … : /‹ :€‘- :
:    :    :      :…’€ :                 :     :      :  ’  :     : „…  : /‹ :‚…„: /‹ :‚…„:‚€’…:       :       :•„ -:
--------------------------------------------------------------------------------------------------------------------------------
16.10          18   89240 ‘’…“‹ €..      5230 50.0         96     2  83.0  65.0    0.     0 0     133.0  15.3    15.0     0.3
29.10          22   89231 ‘’…“‹ €..      5230 175.0         0    12 133.0   0.0    0.     0 0      79.0  54.9    54.0     0.9
30.10          22   89403 ‘’…“‹ €..      5230 170.0         0    12  79.0  15.0    0.     0 0      41.0  53.4    53.0     0.4
31.10     1               ‘’…“‹ €..      5230 0.0           0         0.0   0.0  180.     0 0       0.0   0.0     0.0     0.0
‘  5 31 ƒ€€†.…  11721 „ € 330602    707.0       278    44  80.0 180.0  180. 0     0      41.0 220.7   219.0     1.7
ƒ‘“„€‘’‚…›‰ O… €0119-7
01.10          14   88978 ‹€“–‰ ”       8664 100.0       360     3  41.0  30.0    0.     0 0      41.0  30.4    30.0     0.4
16.10          12   89242 ‹€“–‰ ”       8664 150.0         0     4  41.0  65.0    0.     0 0      60.0  45.5    46.0    -0.5
19.10          16   89261 ‹€“–‰ ”       8664 106.0         0     1  60.0   0.0    0.     0 0      28.0  31.7    32.0    -0.3
20.10          14   89284 ‹€“–‰ ”       8664 144.0       447     5  28.0  50.0    0.     0 0      34.0  44.0    44.0     0.0
21.10          17   89300 ‹€“–‰ ”       8664 68.0        123     2  34.0  36.0    0.     0 0      49.0  20.7    21.0    -0.3
22.10          17   89322 ‹€“–‰ ”       8664 60.0        193     2  49.0  44.0    0.     0 0      75.0  18.3    18.0     0.3
23.10          17   89342 ‹€“–‰ ”       8664 40.0         22     1  75.0   0.0    0.     0 0      63.0  12.1    12.0     0.1
27.10          21   89374 ‹€“–‰ ”       8664 84.0        165     1  63.0  80.0    0.     0 0     118.0  25.2    25.0     0.2
28.10          21   89394 ‹€“–‰ ”       8664 156.0       436     2 118.0  50.0    0.     0 0     118.0  46.8    50.0    -3.2
29.10          21   89416 ‹€“–‰ ”       8664 280.0       403     4 118.0  40.0    0.     0 0      74.0  82.7    84.0    -1.3
30.10          21   89431 ‹€“–‰ ”       8664 142.0        66     2  74.0  15.0    0.     0 0      46.0  42.6    43.0    -0.4
31.10     1               ‹€“–‰ ”       8664 0.0           0         0.0   0.0  410.     0 0       0.0   0.0     0.0     0.0
‘  1 31 ƒ€€†.…  11738 „ € 330602    1330.0     2215    27  41.0 410.0  410. 0     0      46.0 400.0   405.0    -5.0
ƒ‘“„€‘’‚…›‰ O… €0118-7
01.10           2   88972 …‰€ ..        4161 174.0         0        15.0  40.0    0.     0 0      24.0  31.3    31.0     0.3
02.10           2   88993 …‰€ ..        4161 178.0         0        24.0  70.0    0.     0 0      62.0  32.0    32.0     0.0
05.10           2   89023 …‰€ ..        4161 172.0         0        62.0   0.0    0.     0 0      31.0  31.0    31.0     0.0
06.10           2   89039 …‰€ ..        4161 178.0         0        31.0  70.0    0.     0 0      69.0  32.0    32.0     0.0
07.10           5   89064 …‰€ ..        4161 175.0         0        69.0   0.0    0.     0 0      37.0  31.5    32.0    -0.5
08.10           5   89076 …‰€ ..        4161 177.0         0        37.0  80.0    0.     0 0      86.0  31.9    31.0     0.9
12.10           5   89147 …‰€ ..        4161 178.0         0        86.0   0.0    0.     0 0      54.0  32.0    32.0     0.0
19.10          12   89248 …‰€ ..        4161 178.0         0        54.0  80.0    0.     0 0     102.0  32.0    32.0     0.0
20.10          16   89277 …‰€ ..        4161 174.0         0       102.0   0.0    0.     0 0      70.0  31.3    32.0    -0.7
21.10          16   89292 …‰€ ..        4161 176.0         0        70.0   0.0    0.     0 0      38.0  31.7    32.0    -0.3
22.10          16   89316 …‰€ ..        4161 174.0         0        38.0  90.0    0.     0 0      97.0  31.3    31.0     0.3
23.10          16   89335 …‰€ ..        4161 178.0         0        97.0   0.0    0.     0 0      65.0  32.0    32.0     0.0
26.10          19   89346 …‰€ ..        4161 172.0         0        65.0   0.0    0.     0 0      34.0  31.0    31.0     0.0
27.10          19   89369 …‰€ ..        4161 175.0         0        34.0  50.0    0.     0 0      52.0  31.5    32.0    -0.5
28.10          19   89379 …‰€ ..        4161 178.0         0        52.0   0.0    0.     0 0      20.0  32.0    32.0     0.0
29.10          22   89412 …‰€ ..        4161 177.0         0        20.0  70.0    0.     0 0      58.0  31.9    32.0    -0.1
30.10          22   89402 …‰€ ..        4161 178.0         0        58.0   0.0    0.     0 0      26.0  32.0    32.0     0.0
31.10     1               …‰€ ..        4161 0.0           0         0.0   0.0  550.     0 0       0.0   0.0     0.0     0.0
‘  1 31 ƒ€€†.…  11746 „ € 310900    2992.0        0        15.0 550.0  550. 0     0      26.0 538.4   539.0    -0.6
ƒ‘“„€‘’‚…›‰ O… €0116-7
01.10           1   89001 ‹‰ A.A.        2021 152.0       481     5  83.0  90.0    0.     0 0     127.0  46.3    46.0     0.3
02.10           1   89002 ‹‰ A.A.        2021 84.0        286     3 127.0  70.0    0.     0 0     172.0  25.7    25.0     0.7
03.10           1   89003 ‹‰ A.A.        2021 122.0       342     5 172.0   0.0    0.     0 0     134.0  37.4    38.0    -0.6
05.10           1   89051 ‹‰ A.A.        2021 32.0         35     1 134.0   0.0    0.     0 0     124.0   9.7    10.0    -0.3
06.10           4   89052 ‹‰ A.A.        2021 56.0        241     2 124.0  50.0    0.     0 0     156.0  17.1    18.0    -0.9
07.10           4   89053 ‹‰ A.A.        2021 104.0       248     4 156.0   0.0    0.     0 0     124.0  31.9    32.0    -0.1
08.10           4   89101 ‹‰ A.A.        2021 76.0        313     3 124.0  85.0    0.     0 0     186.0  23.3    23.0     0.3
09.10           7   89102 ‹‰ A.A.        2021 56.0        181     2 186.0   0.0    0.     0 0     169.0  17.1    17.0     0.1
12.10           8   89103 ‹‰ A.A.        2021 58.0        140     2 169.0   0.0    0.     0 0     151.0  17.7    18.0    -0.3
13.10           8   89156 ‹‰ A.A.        2021 76.0        238     3 151.0   0.0    0.     0 0     128.0  23.3    23.0     0.3
14.10          11   89157 ‹‰ A.A.        2021 76.0        289     3 128.0  48.0    0.     0 0     153.0  23.3    23.0     0.3
15.10          11   89158 ‹‰ A.A.        2021 60.0        190     2 153.0   0.0    0.     0 0     135.0  18.3    18.0     0.3
16.10          11   89201 ‹‰ A.A.        2021 84.0        286     3 135.0  65.0    0.     0 0     175.0  25.7    25.0     0.7
17.10          11   89202 ‹‰ A.A.        2021 104.0       274     3 175.0   0.0    0.     0 0     143.0  31.6    32.0    -0.4
--------------------------------------------------------------------------------------------------------------------------------
 ƒ "¨­ααβΰ®©"                                                                        „ ”› 593952
                                           ‘‚…„…
                                   €‘•„… ’‹‚€  ‡€ ’       2020  ƒ„
62014                                      „€’€ ‘—…’€ 10/11/20                                 ‹‘’   5

--------------------------------------------------------------------------------------------------------------------------------
:    :- :“’…‚‰ ‹‘’ :    ‚  „  ’ … ‹     :…ƒ: ƒ“‡-:‹-:‘’€-: ‹“—…  :‚‡‚€™… :‘’€-:   € ‘ •  „  ::
:„€’€:… :-------------------------------------:      :       :—…‘’-: ’ : ‹ (“) : ‹ (“) : ’ :---------------: +:
:    :‚…„.:… :… :                 : ’€.:    : ’: ‚  :  :-----------:-----------:  :     : ”€’  :……-:
:    :    :€— :„“- :  ”€‹ ..   :…:      :       :…‡„:‚›…‡-:   :   :   :   :‚‡- : … : /‹ :€‘- :
:    :    :      :…’€ :                 :     :      :  ’  :     : „…  : /‹ :‚…„: /‹ :‚…„:‚€’…:       :       :•„ -:
--------------------------------------------------------------------------------------------------------------------------------
19.10          14   89203 ‹‰ A.A.        2021 84.0        196     3 143.0  70.0    0.     0 0     188.0  25.7    25.0     0.7
20.10          14   89395 ‹‰ A.A.        2021 116.0       412     5 188.0   0.0    0.     0 0     152.0  35.7    36.0    -0.3
21.10          17   89396 ‹‰ A.A.        2021 88.0        219     3 152.0   0.0    0.     0 0     125.0  26.9    27.0    -0.1
22.10          17   89397 ‹‰ A.A.        2021 84.0        196     3 125.0  90.0    0.     0 0     190.0  25.7    25.0     0.7
23.10          17   89445 ‹‰ A.A.        2021 84.0        226     3 190.0   0.0    0.     0 0     164.0  25.7    26.0    -0.3
24.10          17   89446 ‹‰ A.A.        2021 108.0       253     4 164.0   0.0    0.     0 0     131.0  33.0    33.0     0.0
26.10          17   89447 ‹‰ A.A.        2021 48.0        216     2 131.0   0.0    0.     0 0     116.0  14.7    15.0    -0.3
27.10          17   89251 ‹‰ A.A.        2021 84.0        286     3 116.0  80.0    0.     0 0     171.0  25.7    25.0     0.7
28.10          17   89253 ‹‰ A.A.        2021 56.0        181     2 171.0   0.0    0.     0 0     154.0  17.1    17.0     0.1
29.10          20   89255 ‹‰ A.A.        2021 94.0        338     4 154.0  70.0    0.     0 0     195.0  28.9    29.0    -0.1
30.10          20   89451 ‹‰ A.A.        2021 74.0        297     3 195.0   0.0    0.     0 0     172.0  22.7    23.0    -0.3
31.10     1    20   89453 ‹‰ A.A.        2021 86.0        227     3 172.0   0.0  718.     0 0     146.0  26.3    26.0     0.3
‘  1 31 ƒ€€†.…  11754 „ € 330599    2146.0     6591    79  83.0 718.0  718. 0     0     146.0 656.5   655.0     1.5
ƒ‘“„€‘’‚…›‰ O… €1122-7
01.10           1   88979 •€’‚ C.ƒ.    8923 58.0        107     2  39.0  15.0    0.     0 0      37.0  17.7    17.0     0.7
02.10           1   89015 •€’‚ C.ƒ.    8923 86.0        142     3  37.0  80.0    0.     0 0      91.0  26.3    26.0     0.3
05.10           4   89029 •€’‚ C.ƒ.    8923 66.0        159     2  91.0   0.0    0.     0 0      71.0  20.1    20.0     0.1
06.10           4   89046 •€’‚ C.ƒ.    8923 86.0        162     3  71.0  77.0    0.     0 0     122.0  26.3    26.0     0.3
07.10           4   89070 •€’‚ C.ƒ.    8923 58.0        113     2 122.0   0.0    0.     0 0     105.0  17.7    17.0     0.7
08.10           8   89090 •€’‚ C.ƒ.    8923 58.0        151     2 105.0   0.0    0.     0 0      88.0  17.7    17.0     0.7
09.10           8   89115 •€’‚ C.ƒ.    8923 78.0        188     3  88.0   0.0    0.     0 0      64.0  23.9    24.0    -0.1
12.10           8   89128 •€’‚ C.ƒ.    8923 58.0        113     2  64.0  40.0    0.     0 0      86.0  17.7    18.0    -0.3
13.10           8   89182 •€’‚ C.ƒ.    8923 78.0        188     3  86.0   0.0    0.     0 0      62.0  23.9    24.0    -0.1
14.10           8   89207 •€’‚ C.ƒ.    8923 96.0        248     4  62.0  48.0    0.     0 0      81.0  29.5    29.0     0.5
15.10          14   89222 •€’‚ C.ƒ.    8923 86.0        231     3  81.0  40.0    0.     0 0      95.0  26.3    26.0     0.3
16.10          14   89238 •€’‚ C.ƒ.    8923 78.0        188     3  95.0   0.0    0.     0 0      71.0  23.9    24.0    -0.1
19.10          14   89268 •€’‚ C.ƒ.    8923 78.0        188     3  71.0   0.0    0.     0 0      47.0  23.9    24.0    -0.1
20.10          14   89244 •€’‚ C.ƒ.    8923 78.0        138     3  47.0  50.0    0.     0 0      73.0  23.9    24.0    -0.1
21.10          14   89306 •€’‚ C.ƒ.    8923 66.0        149     3  73.0   0.0    0.     0 0      50.0  20.3    23.0    -2.7
22.10          17   89323 •€’‚ C.ƒ.    8923 58.0        113     2  50.0  44.0    0.     0 0      76.0  17.7    18.0    -0.3
23.10          17   89343 •€’‚ C.ƒ.    8923 110.0       329     2  76.0  70.0    0.     0 0     113.0  31.6    33.0    -1.4
26.10          17   89354 •€’‚ C.ƒ.    8923 78.0        225     3 113.0   0.0    0.     0 0      90.0  23.9    23.0     0.9
27.10          20   89372 •€’‚ C.ƒ.    8923 86.0        189     3  90.0  80.0    0.     0 0     144.0  26.3    26.0     0.3
28.10          20   89386 •€’‚ C.ƒ.    8923 110.0       340     2 144.0   0.0    0.     0 0     111.0  31.6    33.0    -1.4
29.10          20   89419 •€’‚ C.ƒ.    8923 110.0       340     2 111.0  50.0    0.     0 0     128.0  31.6    33.0    -1.4
31.10     1               •€’‚ C.ƒ.    8923 0.0           0         0.0   0.0  594.     0 0       0.0   0.0     0.0     0.0
‘  1 31 ƒ€€†.…  11771 „ € 330598    1660.0     4001    55  39.0 594.0  594. 0     0     128.0 501.8   505.0    -3.2
ƒ‘“„€‘’‚…›‰ O… €3434-7
01.10           2   88992 € ‚ ‚         9318 5.0           0     1 113.0  30.0    0.     0 0     142.0   1.5     1.0     0.5
02.10           1   89004 € ‚ ‚         9318 116.0       220     5 142.0  35.0    0.     0 0     142.0  35.7    35.0     0.7
03.10           1   89005 € ‚ ‚         9318 38.0         71     2 142.0   0.0    0.     0 0     130.0  11.8    12.0    -0.2
05.10           4   89059 € ‚ ‚         9318 40.0        172     2 130.0   0.0    0.     0 0     118.0  12.4    12.0     0.4
06.10           4   89060 € ‚ ‚         9318 96.0        206     3 118.0   0.0    0.     0 0      88.0  29.2    30.0    -0.8
07.10           4   89061 € ‚ ‚         9318 60.0        163     2  88.0   0.0    0.     0 0      70.0  18.3    18.0     0.3
08.10           7   89104 € ‚ ‚         9318 92.0        350     4  70.0  80.0    0.     0 0     122.0  28.3    28.0     0.3
09.10           7   89105 € ‚ ‚         9318 128.0       321     3 122.0   0.0    0.     0 0      83.0  38.7    39.0    -0.3
12.10           8   89106 € ‚ ‚         9318 96.0        291     3  83.0   0.0    0.     0 0      54.0  29.2    29.0     0.2
13.10           8   89159 € ‚ ‚         9318 114.0       354     4  54.0  48.0    0.     0 0      67.0  34.8    35.0    -0.2
14.10          11   89160 € ‚ ‚         9318 78.0        284     3  67.0  48.0    0.     0 0      91.0  23.9    24.0    -0.1
15.10          11   89161 € ‚ ‚         9318 94.0        270     3  91.0   0.0    0.     0 0      62.0  28.6    29.0    -0.4
16.10          14   89204 € ‚ ‚         9318 116.0       257     4  62.0  69.0    0.     0 0      96.0  35.4    35.0     0.4
17.10          14   89205 € ‚ ‚         9318 128.0       379     5  96.0  50.0    0.     0 0     107.0  39.2    39.0     0.2
19.10          17   89206 € ‚ ‚         9318 10.0          0       107.0   0.0    0.     0 0     104.0   2.6     3.0    -0.4
21.10          17   89398 € ‚ ‚         9318 172.0       345     4 104.0   0.0    0.     0 0      51.0  52.0    53.0    -1.0
--------------------------------------------------------------------------------------------------------------------------------
 ƒ "¨­ααβΰ®©"                                                                        „ ”› 593952
                                           ‘‚…„…
                                   €‘•„… ’‹‚€  ‡€ ’       2020  ƒ„
62014                                      „€’€ ‘—…’€ 10/11/20                                 ‹‘’   6

--------------------------------------------------------------------------------------------------------------------------------
:    :- :“’…‚‰ ‹‘’ :    ‚  „  ’ … ‹     :…ƒ: ƒ“‡-:‹-:‘’€-: ‹“—…  :‚‡‚€™… :‘’€-:   € ‘ •  „  ::
:„€’€:… :-------------------------------------:      :       :—…‘’-: ’ : ‹ (“) : ‹ (“) : ’ :---------------: +:
:    :‚…„.:… :… :                 : ’€.:    : ’: ‚  :  :-----------:-----------:  :     : ”€’  :……-:
:    :    :€— :„“- :  ”€‹ ..   :…:      :       :…‡„:‚›…‡-:   :   :   :   :‚‡- : … : /‹ :€‘- :
:    :    :      :…’€ :                 :     :      :  ’  :     : „…  : /‹ :‚…„: /‹ :‚…„:‚€’…:       :       :•„ -:
--------------------------------------------------------------------------------------------------------------------------------
22.10          17   89399 € ‚ ‚         9318 136.0       418     5  51.0 100.0    0.     0 0     110.0  41.6    41.0     0.6
23.10          17   89400 € ‚ ‚         9318 116.0       301     4 110.0  50.0    0.     0 0     124.0  35.4    36.0    -0.6
24.10          17   89448 € ‚ ‚         9318 78.0        252     3 124.0 100.0    0.     0 0     201.0  23.9    23.0     0.9
26.10          17   89449 € ‚ ‚         9318 20.0          0       201.0  70.0    0.     0 0     265.0   5.2     6.0    -0.8
27.10          17   89450 € ‚ ‚         9318 60.0        212     3 265.0   0.0    0.     0 0     246.0  18.5    19.0    -0.5
28.10          17   89252 € ‚ ‚         9318 72.0        151     2 246.0   0.0    0.     0 0     225.0  21.9    21.0     0.9
29.10          20   89254 € ‚ ‚         9318 92.0        328     4 225.0  40.0    0.     0 0     236.0  28.3    29.0    -0.7
30.10          20   89256 € ‚ ‚         9318 88.0        333     4 236.0   0.0    0.     0 0     209.0  27.1    27.0     0.1
31.10     1    20   89452 € ‚ ‚         9318 88.0        307     3 209.0  11.0  731.     0 0     193.0  26.9    27.0    -0.1
‘  1 31 ƒ€€†.…  11789 „ € 330599    2133.0     5985    76 113.0 731.0  731. 0     0     193.0 650.4   651.0    -0.6
ƒ‘“„€‘’‚…›‰ O… AM9776-7
01.10           1   88975 ‹•’… ‹.‹.   32212 138.0       345     3  75.0  15.0    0.     0 0      48.0  41.7    42.0    -0.3
02.10           1   89010 ‹•’… ‹.‹.   32212 138.0       345     3  48.0  80.0    0.     0 0      86.0  41.7    42.0    -0.3
05.10           1   89024 ‹•’… ‹.‹.   32212 108.0       239     2  86.0 100.0    0.     0 0     153.0  32.5    33.0    -0.5
06.10           4   89041 ‹•’… ‹.‹.   32212 138.0       345     3 153.0   0.0    0.     0 0     111.0  41.7    42.0    -0.3
07.10           4   89065 ‹•’… ‹.‹.   32212 158.0       510     4 111.0  35.0    0.     0 0      98.0  47.9    48.0    -0.1
08.10           4   89083 ‹•’… ‹.‹.   32212 150.0       358     3  98.0  80.0    0.     0 0     133.0  45.2    45.0     0.2
09.10           4   89109 ‹•’… ‹.‹.   32212 150.0       358     3 133.0  40.0    0.     0 0     128.0  45.2    45.0     0.2
12.10           8   89122 ‹•’… ‹.‹.   32212 98.0        254     3 128.0   0.0    0.     0 0      98.0  29.8    30.0    -0.2
13.10           8   89174 ‹•’… ‹.‹.   32212 124.0       307     3  98.0  48.0    0.     0 0     108.0  37.5    38.0    -0.5
14.10           8   89193 ‹•’… ‹.‹.   32212 138.0       345     3 108.0  48.0    0.     0 0     114.0  41.7    42.0    -0.3
15.10          11   89217 ‹•’… ‹.‹.   32212 94.0        199     2 114.0  40.0    0.     0 0     126.0  28.4    28.0     0.4
16.10          11   89232 ‹•’… ‹.‹.   32212 108.0       239     2 126.0  40.0    0.     0 0     133.0  32.5    33.0    -0.5
19.10          14   89263 ‹•’… ‹.‹.   32212 114.0       270     3 133.0   0.0    0.     0 0      99.0  34.6    34.0     0.6
20.10          15   89287 ‹•’… ‹.‹.   32212 50.0        118     2  99.0  50.0    0.     0 0     134.0  15.3    15.0     0.3
21.10          14   89294 ‹•’… ‹.‹.   32212 116.0       352     3 134.0   0.0    0.     0 0      99.0  35.2    35.0     0.2
23.10          17   89337 ‹•’… ‹.‹.   32212 82.0        207     2  99.0  80.0    0.     0 0     155.0  24.8    24.0     0.8
27.10          17   89370 ‹•’… ‹.‹.   32212 100.0       304     2 155.0   0.0    0.     0 0     126.0  30.2    29.0     1.2
29.10          20   89415 ‹•’… ‹.‹.   32212 54.0        107     1 126.0  40.0    0.     0 0     150.0  16.3    16.0     0.3
30.10          22   89404 ‹•’… ‹.‹.   32212 150.0         0     3 150.0   0.0    0.     0 0     105.0  45.2    45.0     0.2
31.10     1               ‹•’… ‹.‹.   32212 0.0           0         0.0   0.0  696.     0 0       0.0   0.0     0.0     0.0
‘  1 31 ƒ€€†.…  11819 „ € 330602    2208.0     5202    50  75.0 696.0  696. 0     0     105.0 667.4   666.0     1.4
ƒ‘“„€‘’‚…›‰ O… €H3129-7
01.10           2   88990 “…‰ B.C.      1971 196.0         0    11  52.0  93.0    0.     0 0      84.0  60.9    61.0    -0.1
02.10           2   89009 “…‰ B.C.      1971 199.0         0    12  84.0  70.0    0.     0 0      92.0  62.0    62.0     0.0
06.10           2   89048 “…‰ B.C.      1971 198.0         0     9  92.0  52.0    0.     0 0      83.0  61.0    61.0     0.0
08.10           5   89082 “…‰ B.C.      1971 187.0         0    10  83.0  85.0    0.     0 0     110.0  58.0    58.0     0.0
12.10           5   89121 “…‰ B.C.      1971 179.0         0     8 110.0  83.0    0.     0 0     138.0  55.1    55.0     0.1
14.10          12   89192 “…‰ B.C.      1971 155.0         0    12 138.0  48.0    0.     0 0     137.0  49.0    49.0     0.0
15.10          12   89216 “…‰ B.C.      1971 163.0         0    14 137.0  58.0    0.     0 0     143.0  51.9    52.0    -0.1
16.10          12   89241 “…‰ B.C.      1971 165.0         0    12 143.0  90.0    0.     0 0     181.0  51.9    52.0    -0.1
19.10          12   89270 “…‰ B.C.      1971 172.0         0     8 181.0  50.0    0.     0 0     178.0  53.0    53.0     0.0
20.10          16   89281 “…‰ B.C.      1971 176.0         0     8 178.0   0.0    0.     0 0     124.0  54.2    54.0     0.2
21.10          16   89293 “…‰ B.C.      1971 182.0         0     8 124.0  50.0    0.     0 0     118.0  56.0    56.0     0.0
22.10          16   89318 “…‰ B.C.      1971 169.0         0    11 118.0 100.0    0.     0 0     165.0  52.9    53.0    -0.1
26.10          19   89363 “…‰ B.C.      1971 154.0         0    10 165.0  40.0    0.     0 0     157.0  48.2    48.0     0.2
31.10     1               “…‰ B.C.      1971 0.0           0         0.0   0.0  819.     0 0       0.0   0.0     0.0     0.0
‘  1 31 ƒ€€†.…  11827 „ € 330602    2295.0        0   133  52.0 819.0  819. 0     0     157.0 714.1   714.0     0.1
ƒ‘“„€‘’‚…›‰ O… €5270-7
01.10           5   88991 ‘‹‚…‰ .‹.     19062 278.0         0     3 161.0  46.0    0.     0 0      84.0 124.0   123.0     1.0
02.10           5   88998 ‘‹‚…‰ .‹.     19062 168.0         0    14  84.0 123.0    0.     0 0     126.0  81.0    81.0     0.0
05.10           5   89030 ‘‹‚…‰ .‹.     19062 159.0         0     8 126.0 100.0    0.     0 0     152.0  74.1    74.0     0.1
06.10           5   89036 ‘‹‚…‰ .‹.     19062 158.0         0    12 152.0  79.0    0.     0 0     156.0  75.6    75.0     0.6
07.10           5   89057 ‘‹‚…‰ .‹.     19062 148.0         0    12 156.0  90.0    0.     0 0     175.0  71.2    71.0     0.2
--------------------------------------------------------------------------------------------------------------------------------
 ƒ "¨­ααβΰ®©"                                                                        „ ”› 593952
                                           ‘‚…„…
                                   €‘•„… ’‹‚€  ‡€ ’       2020  ƒ„
62014                                      „€’€ ‘—…’€ 10/11/20                                 ‹‘’   7

--------------------------------------------------------------------------------------------------------------------------------
:    :- :“’…‚‰ ‹‘’ :    ‚  „  ’ … ‹     :…ƒ: ƒ“‡-:‹-:‘’€-: ‹“—…  :‚‡‚€™… :‘’€-:   € ‘ •  „  ::
:„€’€:… :-------------------------------------:      :       :—…‘’-: ’ : ‹ (“) : ‹ (“) : ’ :---------------: +:
:    :‚…„.:… :… :                 : ’€.:    : ’: ‚  :  :-----------:-----------:  :     : ”€’  :……-:
:    :    :€— :„“- :  ”€‹ ..   :…:      :       :…‡„:‚›…‡-:   :   :   :   :‚‡- : … : /‹ :€‘- :
:    :    :      :…’€ :                 :     :      :  ’  :     : „…  : /‹ :‚…„: /‹ :‚…„:‚€’…:       :       :•„ -:
--------------------------------------------------------------------------------------------------------------------------------
08.10           5   89078 ‘‹‚…‰ .‹.     19062 148.0         0    10 175.0 127.0    0.     0 0     232.0  70.2    70.0     0.2
12.10           5   89145 ‘‹‚…‰ .‹.     19062 148.0         0     8 232.0   0.0    0.     0 0     163.0  69.2    69.0     0.2
13.10          12   89165 ‘‹‚…‰ .‹.     19062 150.0         0     8 163.0 109.0    0.     0 0     202.0  70.1    70.0     0.1
16.10          16   89017 ‘‹‚…‰ .‹.     19062 178.0         0     6 202.0   0.0    0.     0 0     120.0  81.4    82.0    -0.6
24.10          16   89356 ‘‹‚…‰ .‹.     19062 178.0         0    14 120.0 130.0    0.     0 0     164.0  85.4    86.0    -0.6
25.10          16   89358 ‘‹‚…‰ .‹.     19062 177.0         0    12 164.0   0.0    0.     0 0      80.0  84.0    84.0     0.0
27.10          19   89305 ‘‹‚…‰ .‹.     19062 177.0         0    15  80.0 100.0    0.     0 0      95.0  85.5    85.0     0.5
28.10          22   89391 ‘‹‚…‰ .‹.     19062 169.0         0     7  95.0 130.0    0.     0 0     147.0  78.0    78.0     0.0
29.10          22   89420 ‘‹‚…‰ .‹.     19062 150.0         0     9 147.0 150.0    0.     0 0     226.0  70.6    71.0    -0.4
30.10          22   89436 ‘‹‚…‰ .‹.     19062 168.0         0    10 226.0  23.0    0.     0 0     170.0  79.0    79.0     0.0
31.10     1               ‘‹‚…‰ .‹.     19062 0.0           0         0.0   0.0 1207.     0 0       0.0   0.0     0.0     0.0
‘  1 31 ƒ€€†.…  12238 „ € 330600    2554.0        0   148 161.0 1207. 1207. 0     0     170.0 1199.3 1198.0     1.3
ƒ‘“„€‘’‚…›‰ O… €I1336-7
07.10           5   89073 €’›‚ ‚..    19061 10.0          0     1 211.0   0.0    0.     0 0     207.0   4.4     4.0     0.4
10.10           9   89153 €’›‚ ‚..    19061 101.0         0     3 207.0  77.0    0.     0 0     239.0  46.0    45.0     1.0
12.10           9   89148 €’›‚ ‚..    19061 12.0          0     1 239.0   0.0    0.     0 0     234.0   5.2     5.0     0.2
28.10          19   89406 —……‚ ..    32300 15.0          0     1 234.0   0.0    0.     0 0     228.0   6.3     6.0     0.3
31.10     1               €’›‚ ‚..    19061 0.0           0         0.0   0.0   77.     0 0       0.0   0.0     0.0     0.0
‘  7 31 ƒ€€†.…  12246 „ € 330600    138.0         0     6 211.0 77.0    77. 0     0     228.0  61.9    60.0     1.9
ƒ‘“„€‘’‚…›‰ O… €I1335-7
‚ ’ —‘‹…  ‚„’…‹
                          €’›‚ ‚..    19061 123.0         0              77.0           0              55.6  54.0       1.6
                          —……‚ ..    32300 15.0          0               0.0           0               6.3  6.0        0.3
01.10           5   88985 —……‚ B..    32298 176.0         0    16  77.0 139.0    0.     0 0     132.0  84.3    84.0     0.3
13.10          12   89155 —……‚ B..    32298 150.0         0    12 132.0  72.0    0.     0 0     133.0  71.4    71.0     0.4
16.10          12   89210 —……‚ B..    32298 176.0         0     5 133.0 135.0    0.     0 0     187.0  81.5    81.0     0.5
19.10          12   89258 —……‚ B..    32298 222.0         0     4 187.0 100.0    0.     0 0     185.0 102.2   102.0     0.2
22.10          19   89314 —……‚ B..    32298 176.0         0    14 185.0 100.0    0.     0 0     202.0  83.8    83.0     0.8
23.10          19   89334 —……‚ B..    32298 175.0         0    13 202.0  80.0    0.     0 0     200.0  83.0    82.0     1.0
28.10          23   89389 —……‚ B..    32298 317.0      2966     4 200.0 130.0    0.     0 0     196.0 134.7   134.0     0.7
31.10     1               —……‚ B..    32298 0.0           0         0.0   0.0  756.     0 0       0.0   0.0     0.0     0.0
‘  1 31 ƒ€€†.…  12254 „ € 330601    1392.0     2966    68  77.0 756.0  756. 0     0     196.0 640.9   637.0     3.9
ƒ‘“„€‘’‚…›‰ O… €I4259-7
09.10           9   89095 —……‚ ..    32300 220.0         0     5 185.0 100.0    0.     0 0     183.0 101.6   102.0    -0.4
12.10           9   89142 —……‚ ..    32300 222.0         0     4 183.0 120.0    0.     0 0     201.0 102.2   102.0     0.2
13.10           9   89171 —……‚ ..    32300 222.0         0     4 201.0  72.0    0.     0 0     171.0 102.2   102.0     0.2
14.10           9   89188 —……‚ ..    32300 222.0         0     4 171.0  73.0    0.     0 0     141.0 102.2   103.0    -0.8
15.10          12   89213 —……‚ ..    32300 222.0         0     4 141.0  88.0    0.     0 0     127.0 102.2   102.0     0.2
16.10          12   89227 —……‚ ..    32300 222.0         0     4 127.0 135.0    0.     0 0     160.0 102.2   102.0     0.2
29.10          23   89140 —……‚ ..    32300 170.0         0     8 160.0 150.0    0.     0 0     233.0  79.5    77.0     2.5
31.10     1               —……‚ ..    32300 0.0           0         0.0   0.0  738.     0 0       0.0   0.0     0.0     0.0
‘  9 31 ƒ€€†.…  12262 „ € 330601    1500.0        0    33 185.0 738.0  738. 0     0     233.0 692.1   690.0     2.1
ƒ‘“„€‘’‚…›‰ O… €I4258-7
01.10           2   88986 ‘–€ .€.       1904 168.0         0    17 169.0 150.0    0.     0 0     240.0  80.9    79.0     1.9
02.10           5   89008 ‘–€ .€.       1904 168.0         0    17 240.0 100.0    0.     0 0     260.0  80.9    80.0     0.9
07.10           5   89056 ‘–€ .€.       1904 148.0         0    12 260.0   0.0    0.     0 0     190.0  70.5    70.0     0.5
08.10           9   89091 ‘–€ .€.       1904 222.0         0     4 190.0 120.0    0.     0 0     210.0 102.2   100.0     2.2
09.10          12   89097 ‘–€ .€.       1904 222.0         0     4 210.0 100.0    0.     0 0     210.0 102.2   100.0     2.2
12.10          16   89141 ‘–€ .€.       1904 46.0          0    18 210.0   0.0    0.     0 0     187.0  25.5    23.0     2.5
20.10          16   89274 ‘–€ .€.       1904 200.0         0     5 187.0  75.0    0.     0 0     170.0  92.4    92.0     0.4
21.10          16   89164 ‘–€ .€.       1904 200.0         0     5 170.0  89.0    0.     0 0     165.0  92.4    94.0    -1.6
22.10          22   89324 ‘–€ .€.       1904 200.0         0     5 165.0 150.0    0.     0 0     215.0  92.4   100.0    -7.6
31.10     1               ‘–€ .€.       1904 0.0           0         0.0   0.0  784.     0 0       0.0   0.0     0.0     0.0
‘  1 31 ƒ€€†.…  12271 „ € 330601    1574.0        0    87 169.0 784.0  784. 0     0     215.0 739.4   738.0     1.4
--------------------------------------------------------------------------------------------------------------------------------
 ƒ "¨­ααβΰ®©"                                                                        „ ”› 593952
                                           ‘‚…„…
                                   €‘•„… ’‹‚€  ‡€ ’       2020  ƒ„
62014                                      „€’€ ‘—…’€ 10/11/20                                 ‹‘’   8

--------------------------------------------------------------------------------------------------------------------------------
:    :- :“’…‚‰ ‹‘’ :    ‚  „  ’ … ‹     :…ƒ: ƒ“‡-:‹-:‘’€-: ‹“—…  :‚‡‚€™… :‘’€-:   € ‘ •  „  ::
:„€’€:… :-------------------------------------:      :       :—…‘’-: ’ : ‹ (“) : ‹ (“) : ’ :---------------: +:
:    :‚…„.:… :… :                 : ’€.:    : ’: ‚  :  :-----------:-----------:  :     : ”€’  :……-:
:    :    :€— :„“- :  ”€‹ ..   :…:      :       :…‡„:‚›…‡-:   :   :   :   :‚‡- : … : /‹ :€‘- :
:    :    :      :…’€ :                 :     :      :  ’  :     : „…  : /‹ :‚…„: /‹ :‚…„:‚€’…:       :       :•„ -:
--------------------------------------------------------------------------------------------------------------------------------
ƒ‘“„€‘’‚…›‰ O… AP0194-7
12.10           9   89138 —“€‚ B.B.     36188 222.0         0     4 145.0 120.0    0.     0 0     166.0  99.8    99.0     0.8
13.10           9   89170 —“€‚ B.B.     36188 222.0         0     4 166.0  70.0    0.     0 0     136.0  99.8   100.0    -0.2
14.10          12   89187 —“€‚ B.B.     36188 222.0         0     4 136.0  70.0    0.     0 0     107.0  99.8    99.0     0.8
15.10          12   89212 —“€‚ B.B.     36188 222.0         0     4 107.0  85.0    0.     0 0      93.0  99.8    99.0     0.8
16.10          12   89226 —“€‚ B.B.     36188 222.0         0     4  93.0 235.0    0.     0 0     228.0  99.8   100.0    -0.2
31.10     1               —“€‚ B.B.     36188 0.0           0         0.0   0.0  580.     0 0       0.0   0.0     0.0     0.0
‘ 12 31 ƒ€€†.…  12289 „ € 330600    1110.0        0    20 145.0 580.0  580. 0     0     228.0 499.0   497.0     2.0
ƒ‘“„€‘’‚…›‰ O… €3459-7
09.10          12   89096 €“‚ ..       9385 168.0         0    12 145.0 100.0    0.     0 0     165.0  80.0    80.0     0.0
16.10          12   89166 €“‚ ..       9385 175.0         0     5 165.0  70.0    0.     0 0     155.0  79.6    80.0    -0.4
19.10          12   89257 €“‚ ..       9385 222.0         0     4 155.0 100.0    0.     0 0     154.0  99.8   101.0    -1.2
20.10          16   89275 €“‚ ..       9385 200.0         0     5 154.0  76.0    0.     0 0     140.0  90.6    90.0     0.6
21.10          16   89291 €“‚ ..       9385 200.0         0     5 140.0  89.0    0.     0 0     139.0  90.6    90.0     0.6
22.10          16   89313 €“‚ ..       9385 44.0          0     1 139.0   0.0    0.     0 0     120.0  19.9    19.0     0.9
27.10          22   89357 “‘‰ ‹..      9050 178.0         0    14 120.0 150.0    0.     0 0     185.0  85.4    85.0     0.4
28.10          23   89390 “‘‰ ‹..      9050 317.0      2952     4 185.0   0.0    0.     0 0      51.0 133.4   134.0    -0.6
29.10          23   89424 “‘‰ ‹..      9050 302.0      1746     6  51.0 120.0    0.     0 0      42.0 133.1   129.0     4.1
30.10          23   89433 “‘‰ ‹..      9050 188.0       800     4  42.0  48.0    0.     0 0       8.0  84.8    82.0     2.8
31.10     1               €“‚ ..       9385 0.0           0         0.0   0.0  753.     0 0       0.0   0.0     0.0     0.0
‘  9 31 ƒ€€†.…  12301 „ € 330600    1994.0     5498    60 145.0 753.0  753. 0     0       8.0 897.2   890.0     7.2
ƒ‘“„€‘’‚…›‰ O… €0243-7
‚ ’ —‘‹…  ‚„’…‹
                          €“‚ ..       9385 1009.0        0             435.0           0             460.5  460.0      0.5
                          “‘‰ ‹..      9050 985.0      5498             318.0           0             436.7  430.0      6.7
01.10           3   88980 €“‚ ..       9385 203.0      2864     3 203.0  46.0    0.     0 0     155.0  94.6    94.0     0.6
02.10           3   89012 €“‚ ..       9385 203.0      2864     3 155.0 100.0    0.     0 0     162.0  94.6    93.0     1.6
05.10           6   89031 €‡€— ‚ €     5970 139.0      2110     2 162.0   0.0    0.     0 0      98.0  64.7    64.0     0.7
06.10           6   89044 €‡€— ‚ €     5970 203.0      3165     3  98.0  76.0    0.     0 0      79.0  94.6    95.0    -0.4
07.10           6   89069 €‡€— ‚ €     5970 139.0      2110     2  79.0  53.0    0.     0 0      68.0  64.7    64.0     0.7
08.10           6   89089 €‡€— ‚ €     5970 203.0      3165     3  68.0 123.0    0.     0 0      96.0  94.6    95.0    -0.4
09.10           6   89113 €‡€— ‚ €     5970 203.0      3165     3  96.0 135.0    0.     0 0     136.0  94.6    95.0    -0.4
12.10          10   89126 €‡€— ‚ €     5970 203.0      3165     3 136.0 120.0    0.     0 0     161.0  95.0    95.0     0.0
13.10           8   89181 €‡€— ‚ €     5970 203.0      3165     3 161.0   0.0    0.     0 0      66.0  95.0    95.0     0.0
14.10          10   89199 €‡€— ‚ €     5970 203.0      3165     3  66.0  86.0    0.     0 0      57.0  95.0    95.0     0.0
15.10          13   89221 €‡€— ‚ €     5970 220.0      3297     4  57.0 117.0    0.     0 0      73.0 101.7   101.0     0.7
16.10          13   89236 €‡€— ‚ €     5970 189.0      2934     3  73.0 180.0    0.     0 0     165.0  88.2    88.0     0.2
19.10          13   89267 €‡€— ‚ €     5970 203.0      3165     3 165.0 150.0    0.     0 0     220.0  95.0    95.0     0.0
20.10          15   89285 €‡€— ‚ €     5970 203.0      3165     3 220.0 100.0    0.     0 0     225.0  95.0    95.0     0.0
22.10          15   89301 €‡€— ‚ €     5970 203.0      3165     3 225.0   0.0    0.     0 0     130.0  95.0    95.0     0.0
23.10          18   89340 €‡€— ‚ €     5970 203.0      3165     3 130.0 180.0    0.     0 0     213.0  95.0    97.0    -2.0
27.10          23   89352 €‡€— ‚ €     5970 239.0      3570     3 213.0 150.0    0.     0 0     253.0 108.9   110.0    -1.1
28.10          23   89387 €‡€— ‚ €     5970 317.0      4839     4 253.0 100.0    0.     0 0     207.0 144.4   146.0    -1.6
29.10          23   89417 €‡€— ‚ €     5970 302.0      3007     6 207.0   0.0    0.     0 0      63.0 148.1   144.0     4.1
30.10          23   89435 €‡€— ‚ €     5970 208.0      1650     5  63.0  30.0    0.     0 0       2.0 106.4    91.0    15.4
31.10     1               €‡€— ‚ €     5970 0.0           0         0.0   0.0 1600.     0 0       0.0   0.0     0.0     0.0
31.10     1               €“‚ ..       9385 0.0           0         0.0   0.0  146.     0 0       0.0   0.0     0.0     0.0
‘  1 31 ƒ€€†.…  12319 „ € 330605    4189.0    60895    65 203.0 1746. 1746. 0     0       2.0 1965.1 1947.0    18.1
ƒ‘“„€‘’‚…›‰ O… €C1817-7
‚ ’ —‘‹…  ‚„’…‹
                          €“‚ ..       9385 406.0      5727             146.0           0             189.2  187.0      2.2
                          €‡€— ‚ €     5970 3783.0    55168             1600.           0             1775.9 1760.0    15.9
01.10           3   88981 “‘‰ ‹..      9050 203.0      2864     3 131.0  60.0    0.     0 0      97.0  94.6    94.0     0.6
02.10           3   89013 “‘‰ ‹..      9050 203.0      2864     3  97.0 165.0    0.     0 0     167.0  94.6    95.0    -0.4
--------------------------------------------------------------------------------------------------------------------------------
 ƒ "¨­ααβΰ®©"                                                                        „ ”› 593952
                                           ‘‚…„…
                                   €‘•„… ’‹‚€  ‡€ ’       2020  ƒ„
62014                                      „€’€ ‘—…’€ 10/11/20                                 ‹‘’   9

--------------------------------------------------------------------------------------------------------------------------------
:    :- :“’…‚‰ ‹‘’ :    ‚  „  ’ … ‹     :…ƒ: ƒ“‡-:‹-:‘’€-: ‹“—…  :‚‡‚€™… :‘’€-:   € ‘ •  „  ::
:„€’€:… :-------------------------------------:      :       :—…‘’-: ’ : ‹ (“) : ‹ (“) : ’ :---------------: +:
:    :‚…„.:… :… :                 : ’€.:    : ’: ‚  :  :-----------:-----------:  :     : ”€’  :……-:
:    :    :€— :„“- :  ”€‹ ..   :…:      :       :…‡„:‚›…‡-:   :   :   :   :‚‡- : … : /‹ :€‘- :
:    :    :      :…’€ :                 :     :      :  ’  :     : „…  : /‹ :‚…„: /‹ :‚…„:‚€’…:       :       :•„ -:
--------------------------------------------------------------------------------------------------------------------------------
05.10           5   89033 ‚€         13470 25.0          0     1 167.0   0.0    0.     0 0     155.0  11.0    12.0    -1.0
08.10           6   89152 ‚€         13470 203.0      3015     3 155.0 170.0    0.     0 0     230.0  94.6    95.0    -0.4
09.10           8   89114 ‚€         13470 203.0      3165     3 230.0 135.0    0.     0 0     270.0  95.0    95.0     0.0
12.10           8   89127 ‚€         13470 203.0      3140     3 270.0 100.0    0.     0 0     275.0  95.0    95.0     0.0
13.10           8   89180 ‚€         13470 203.0      3165     3 275.0   0.0    0.     0 0     180.0  95.0    95.0     0.0
14.10          13   89200 ‚€         13470 203.0      3165     3 180.0  95.0    0.     0 0     180.0  95.0    95.0     0.0
15.10          13   89220 ‚€         13470 220.0      3297     4 180.0 117.0    0.     0 0     200.0 101.7    97.0     4.7
16.10          13   89237 ‚€         13470 199.0      2934     3 200.0 150.0    0.     0 0     262.0  92.7    88.0     4.7
19.10          13   89266 ‚€         13470 193.0      3165     3 262.0 100.0    0.     0 0     267.0  90.5    95.0    -4.5
20.10          15   89286 ‚€         13470 203.0      3165     3 267.0  80.0    0.     0 0     252.0  95.0    95.0     0.0
22.10          15   89302 ‚€         13470 203.0      3165     3 252.0   0.0    0.     0 0     157.0  95.0    95.0     0.0
23.10          21   89341 ‚€         13470 203.0      3165     3 157.0 160.0    0.     0 0     220.0  95.0    97.0    -2.0
27.10          23   89353 ‚€         13470 239.0      3633     3 220.0 200.0    0.     0 0     310.0 108.9   110.0    -1.1
28.10          23   89388 ‚€         13470 317.0      4839     4 310.0 100.0    0.     0 0     264.0 144.4   146.0    -1.6
29.10          23   89418 ‚€         13470 302.0      3007     6 264.0 100.0    0.     0 0     220.0 148.1   144.0     4.1
30.10          23   89434 ‚€         13470 288.0      2970     9 220.0  30.0    0.     0 0     105.0 149.3   145.0     4.3
31.10     1               ‚€         13470 0.0           0         0.0   0.0 1762.     0 0       0.0   0.0     0.0     0.0
‘  1 31 ƒ€€†.…  12327 „ € 330605    3813.0    54718    63 131.0 1762. 1762. 0     0     105.0 1795.4 1788.0     7.4
ƒ‘“„€‘’‚…›‰ O… €C1818-7
‚ ’ —‘‹…  ‚„’…‹
                          “‘‰ ‹..      9050 406.0      5727             225.0           0             189.2  189.0      0.2
                          ‚€         13470 3407.0    48991             1537.           0             1606.2 1599.0     7.2
01.10           2   88982 €‘‚‘‰ ‹.E.   9921 158.0         0    20  84.0 185.0    0.     0 0     180.0  89.2    89.0     0.2
02.10           2   88999 €‘‚‘‰ ‹.E.   9921 178.0         0    10 180.0 150.0    0.     0 0     243.0  87.9    87.0     0.9
08.10           9   89079 €‘‚‘‰ ‹.E.   9921 222.0         0     4 243.0 140.0    0.     0 0     282.0 101.2   101.0     0.2
09.10           9   89100 €‘‚‘‰ ‹.E.   9921 222.0         0     4 282.0  90.0    0.     0 0     271.0 101.2   101.0     0.2
12.10           9   89119 €‘‚‘‰ ‹.E.   9921 222.0         0     4 271.0 140.0    0.     0 0     310.0 101.2   101.0     0.2
13.10           9   89136 €‘‚‘‰ ‹.E.   9921 222.0         0     4 310.0  95.0    0.     0 0     304.0 101.2   101.0     0.2
14.10           9   89190 €‘‚‘‰ ‹.E.   9921 222.0         0     4 304.0  95.0    0.     0 0     298.0 101.2   101.0     0.2
15.10          12   89215 €‘‚‘‰ ‹.E.   9921 222.0         0     4 298.0 115.0    0.     0 0     311.0 101.2   102.0    -0.8
15.10          12   89229 €‘‚‘‰ ‹.E.   9921 222.0         0     4 311.0  80.0    0.     0 0     290.0 101.2   101.0     0.2
19.10          16   89260 €‘‚‘‰ ‹.E.   9921 222.0         0     4 290.0 100.0    0.     0 0     289.0 101.2   101.0     0.2
21.10          16   89309 €‘‚‘‰ ‹.E.   9921 175.0         0    14 289.0 115.0    0.     0 0     314.0  90.6    90.0     0.6
22.10          19   89325 €‘‚‘‰ ‹.E.   9921 176.0         0    15 314.0  80.0    0.     0 0     301.0  92.1    93.0    -0.9
26.10          19   89362 €‘‚‘‰ ‹.E.   9921 173.0         0    16 301.0   0.0    0.     0 0     211.0  91.7    90.0     1.7
27.10          19   89367 €‘‚‘‰ ‹.E.   9921 177.0         0    15 211.0 170.0    0.     0 0     289.0  92.5    92.0     0.5
28.10          19   89392 €‘‚‘‰ ‹.E.   9921 177.0         0    16 289.0   0.0    0.     0 0     195.0  93.5    94.0    -0.5
29.10          22   89410 €‘‚‘‰ ‹.E.   9921 174.0         0    15 195.0 160.0    0.     0 0     264.0  91.2    91.0     0.2
30.10          22   89429 €‘‚‘‰ ‹.E.   9921 178.0         0    15 264.0   0.0    0.     0 0     172.0  92.9    92.0     0.9
31.10     1               €‘‚‘‰ ‹.E.   9921 0.0           0         0.0   0.0 1715.     0 0       0.0   0.0     0.0     0.0
‘  1 31 ƒ€€†.…  12335 „ € 330606    3342.0        0   168  84.0 1715. 1715. 0     0     172.0 1631.2 1627.0     4.2
ƒ‘“„€‘’‚…›‰ O… €C3419-7
01.10           2   88983 €“”… B.B.   5673 177.0         0    13 109.0 180.0    0.     0 0     199.0  90.5    90.0     0.5
02.10           2   89000 €“”… B.B.   5673 175.0         0    14 199.0 150.0    0.     0 0     258.0  90.6    91.0    -0.4
08.10           9   89080 €“”… B.B.   5673 222.0         0     4 258.0 140.0    0.     0 0     297.0 101.2   101.0     0.2
09.10           9   89099 €“”… B.B.   5673 221.0         0     4 297.0   0.0    0.     0 0     197.0 100.8   100.0     0.8
12.10           9   89120 €“”… B.B.   5673 222.0         0     4 197.0 160.0    0.     0 0     256.0 101.2   101.0     0.2
13.10           9   89172 €“”… B.B.   5673 222.0         0     4 256.0  95.0    0.     0 0     250.0 101.2   101.0     0.2
14.10           9   89189 €“”… B.B.   5673 222.0         0     4 250.0  95.0    0.     0 0     244.0 101.2   101.0     0.2
15.10          12   89214 €“”… B.B.   5673 222.0         0     4 244.0 115.0    0.     0 0     259.0 101.2   100.0     1.2
16.10          12   89228 €“”… B.B.   5673 222.0         0     4 259.0 100.0    0.     0 0     258.0 101.2   101.0     0.2
19.10          12   89259 €“”… B.B.   5673 222.0         0     4 258.0 100.0    0.     0 0     257.0 101.2   101.0     0.2
21.10          16   89308 €“”… B.B.   5673 175.0         0    14 257.0   0.0    0.     0 0     163.0  90.6    94.0    -3.4
23.10          16   89333 €“”… B.B.   5673 176.0         0    15 163.0 180.0    0.     0 0     251.0  92.1    92.0     0.1
--------------------------------------------------------------------------------------------------------------------------------
 ƒ "¨­ααβΰ®©"                                                                        „ ”› 593952
                                           ‘‚…„…
                                   €‘•„… ’‹‚€  ‡€ ’       2020  ƒ„
62014                                      „€’€ ‘—…’€ 10/11/20                                 ‹‘’  10

--------------------------------------------------------------------------------------------------------------------------------
:    :- :“’…‚‰ ‹‘’ :    ‚  „  ’ … ‹     :…ƒ: ƒ“‡-:‹-:‘’€-: ‹“—…  :‚‡‚€™… :‘’€-:   € ‘ •  „  ::
:„€’€:… :-------------------------------------:      :       :—…‘’-: ’ : ‹ (“) : ‹ (“) : ’ :---------------: +:
:    :‚…„.:… :… :                 : ’€.:    : ’: ‚  :  :-----------:-----------:  :     : ”€’  :……-:
:    :    :€— :„“- :  ”€‹ ..   :…:      :       :…‡„:‚›…‡-:   :   :   :   :‚‡- : … : /‹ :€‘- :
:    :    :      :…’€ :                 :     :      :  ’  :     : „…  : /‹ :‚…„: /‹ :‚…„:‚€’…:       :       :•„ -:
--------------------------------------------------------------------------------------------------------------------------------
26.10          19   89361 €“”… B.B.   5673 177.0         0    17 251.0   0.0    0.     0 0     157.0  94.5    94.0     0.5
27.10          19   89310 €“”… B.B.   5673 176.0         0    15 157.0 200.0    0.     0 0     267.0  92.1    90.0     2.1
28.10          19   89393 €“”… B.B.   5673 175.0         0    14 267.0   0.0    0.     0 0     176.0  90.6    91.0    -0.4
29.10          22   89411 €“”… B.B.   5673 175.0         0    15 176.0 200.0    0.     0 0     285.0  91.6    91.0     0.6
30.10          22   89428 €“”… B.B.   5673 176.0         0    15 285.0   0.0    0.     0 0     194.0  92.1    91.0     1.1
31.10     1               €“”… B.B.   5673 0.0           0         0.0   0.0 1715.     0 0       0.0   0.0     0.0     0.0
‘  1 31 ƒ€€†.…  12343 „ € 330606    3357.0        0   164 109.0 1715. 1715. 0     0     194.0 1633.9 1630.0     3.9
ƒ‘“„€‘’‚…›‰ O… €C3420-7
01.10           2   88984 ‘‹€ .C.       3565 178.0         0    20 192.0 150.0    0.     0 0     243.0  94.2    99.0    -4.8
02.10           2   89006 ‘‹€ .C.       3565 179.0         0    20 243.0 123.0    0.     0 0     270.0  94.7    96.0    -1.3
06.10           6   89049 ‘‹€ .C.       3565 350.0      3474     3 270.0  79.0    0.     0 0     193.0 151.5   156.0    -4.5
07.10           5   89058 ‘‹€ .C.       3565 177.0         0     7 193.0  53.0    0.     0 0     158.0  87.2    88.0    -0.8
08.10           9   89081 ‘‹€ .C.       3565 222.0         0     4 158.0 128.0    0.     0 0     177.0 107.0   109.0    -2.0
09.10           9   89098 ‘‹€ .C.       3565 222.0         0     4 177.0 101.0    0.     0 0     170.0 107.0   108.0    -1.0
10.10           9   89154 “‘‰ ‹..      9050 203.0         0     9 170.0   0.0    0.     0 0      67.0 100.5   103.0    -2.5
12.10           9   89144 “‘‰ ‹..      9050 178.0         0    15  67.0 120.0    0.     0 0      94.0  91.7    93.0    -1.3
13.10           9   89167 “‘‰ ‹..      9050 164.0         0    12  94.0 109.0    0.     0 0     118.0  83.6    85.0    -1.4
16.10          16   89185 “‘‰ ‹..      9050 182.0         0     5 118.0 130.0    0.     0 0     158.0  88.6    90.0    -1.4
19.10          16   89269 “‘‰ ‹..      9050 164.0         0    16 158.0 115.0    0.     0 0     186.0  85.6    87.0    -1.4
21.10          16   89276 “‘‰ ‹..      9050 179.0         0    14 186.0   0.0    0.     0 0      92.0  91.7    94.0    -2.3
22.10          16   89315 “‘‰ ‹..      9050 179.0         0    14  92.0 130.0    0.     0 0     135.0  91.7    87.0     4.7
23.10          16   89332 “‘‰ ‹..      9050 180.0         0    16 135.0 140.0    0.     0 0     181.0  93.1    94.0    -0.9
24.10          16   89360 “‘‰ ‹..      9050 168.0         0    14 181.0   0.0    0.     0 0      88.0  86.5    93.0    -6.5
25.10          16   89359 “‘‰ ‹..      9050 178.0         0    14  88.0 150.0    0.     0 0     146.0  91.2    92.0    -0.8
26.10          19   89365 ‘‹€ .C.       3565 150.0         0    10 146.0 147.0    0.     0 0     231.0  76.0    62.0    14.0
27.10          19   89368 ‘‹€ .C.       3565 149.0         0    10 231.0 100.0    0.     0 0     257.0  75.5    74.0     1.5
28.10          22   89381 ‘‹€ .C.       3565 169.0         0     7 257.0 100.0    0.     0 0     274.0  83.4    83.0     0.4
29.10          22   89427 ‘‹€ .C.       3565 24.0          0     1 274.0   0.0    0.     0 0     263.0   9.8    11.0    -1.2
30.10          22   89439 ‘‹€ .C.       3565 168.0         0    10 263.0  23.0    0.     0 0     201.0  84.5    85.0    -0.5
31.10     1               ‘‹€ .C.       3565 0.0           0         0.0   0.0 1898.     0 0       0.0   0.0     0.0     0.0
‘  1 31 ƒ€€†.…  12350 „ € 330610    3763.0     3474   225 192.0 1898. 1898. 0     0     201.0 1875.0 1889.0   -14.0
ƒ‘“„€‘’‚…›‰ O… €T0777-7
‚ ’ —‘‹…  ‚„’…‹
                          ‘‹€ .C.       3565 1988.0     3474             1004.           0             970.8  971.0     -0.2
                          “‘‰ ‹..      9050 1775.0        0             894.0           0             904.2  918.0    -13.8
01.10           2   88989  ‘..        1457 146.0         0       108.0 150.0    0.     0 0     185.0  73.3    73.0     0.3
02.10           3   89016  ‘..        1457 96.0        354       185.0   0.0    0.     0 0     121.0  64.1    64.0     0.1
05.10           3   89027  ‘..        1457 102.0       675       121.0 150.0    0.     0 0     205.0  65.4    66.0    -0.6
06.10           6   89050  ‘..        1457 80.0        413       205.0   0.0    0.     0 0     148.0  56.6    57.0    -0.4
07.10           7   89071  ‘..        1457 82.0        542       148.0 150.0    0.     0 0     234.0  64.4    64.0     0.4
08.10           7   89092  ‘..        1457 50.0        283       234.0   0.0    0.     0 0     198.0  36.6    36.0     0.6
09.10           5   89129  ‘..        1457 149.0         0       198.0   0.0    0.     0 0     120.0  77.8    78.0    -0.2
12.10          13   89149  ‘..        1457 66.0        437       120.0 124.0    0.     0 0     195.0  52.8    49.0     3.8
13.10          12   89169  ‘..        1457 144.0         0       195.0   0.0    0.     0 0     123.0  72.8    72.0     0.8
14.10          13   89195  ‘..        1457 186.0      1613       123.0  65.0    0.     0 0      65.0 122.3   123.0    -0.7
16.10          13   89243  ‘..        1457 74.0        343        65.0 150.0    0.     0 0     166.0  48.7    49.0    -0.3
19.10          15   89271  ‘..        1457 48.0        270       166.0   0.0    0.     0 0     132.0  33.6    34.0    -0.4
20.10          21   89288  ‘..        1457 62.0        376       132.0  76.0    0.     0 0     168.0  40.1    40.0     0.1
21.10          21   89295  ‘..        1457 86.0        471       168.0  89.0    0.     0 0     196.0  59.5    61.0    -1.5
22.10          21   89327  ‘..        1457 86.0        480       196.0   0.0    0.     0 0     142.0  47.6    54.0    -6.4
28.10          21   89407  ‘..        1457 98.0        761       142.0 150.0    0.     0 0     226.0  71.1    66.0     5.1
29.10          21   89422  ‘..        1457 84.0        496       226.0   0.0    0.     0 0     164.0  62.2    62.0     0.2
30.10          21   89440  ‘..        1457 110.0       826       164.0   0.0    0.     0 0      87.0  76.4    77.0    -0.6
31.10     1    21   89442  ‘..        1457 62.0        365        91.0   0.0 1104.     0 0      47.0  39.1    44.0    -4.9
--------------------------------------------------------------------------------------------------------------------------------
 ƒ "¨­ααβΰ®©"                                                                        „ ”› 593952
                                           ‘‚…„…
                                   €‘•„… ’‹‚€  ‡€ ’       2020  ƒ„
62014                                      „€’€ ‘—…’€ 10/11/20                                 ‹‘’  11

--------------------------------------------------------------------------------------------------------------------------------
:    :- :“’…‚‰ ‹‘’ :    ‚  „  ’ … ‹     :…ƒ: ƒ“‡-:‹-:‘’€-: ‹“—…  :‚‡‚€™… :‘’€-:   € ‘ •  „  ::
:„€’€:… :-------------------------------------:      :       :—…‘’-: ’ : ‹ (“) : ‹ (“) : ’ :---------------: +:
:    :‚…„.:… :… :                 : ’€.:    : ’: ‚  :  :-----------:-----------:  :     : ”€’  :……-:
:    :    :€— :„“- :  ”€‹ ..   :…:      :       :…‡„:‚›…‡-:   :   :   :   :‚‡- : … : /‹ :€‘- :
:    :    :      :…’€ :                 :     :      :  ’  :     : „…  : /‹ :‚…„: /‹ :‚…„:‚€’…:       :       :•„ -:
--------------------------------------------------------------------------------------------------------------------------------
‘  1 31 ƒ€€†.…  13064 „ € 340502    1811.0     8705       108.0 1104. 1104. 0     0      47.0 1164.4 1169.0    -4.6
ƒ‘“„€‘’‚…›‰ O… AC1659-7
02.10           2   88974 €“ B.M.     9075 158.0         0        19.0 125.0    0.     0 0      66.0  78.0    78.0     0.0
04.10           3   89018 €“ B.M.     9075 48.0        269        66.0  99.0    0.     0 0     130.0  34.8    35.0    -0.2
05.10           3   89026 €“ B.M.     9075 94.0        730       130.0   0.0    0.     0 0      70.0  59.9    60.0    -0.1
06.10           7   89047 €“ B.M.     9075 66.0        334        70.0  79.0    0.     0 0     102.0  47.3    47.0     0.3
07.10           7   89072 €“ B.M.     9075 76.0        436       102.0 150.0    0.     0 0     197.0  55.2    55.0     0.2
09.10           7   89116 €“ B.M.     9075 141.0       692       197.0   0.0    0.     0 0     122.0  75.1    75.0     0.1
10.10           7   89134 €“ B.M.     9075 105.0       806       122.0  77.0    0.     0 0     129.0  70.4    70.0     0.4
12.10          10   89150 €“ B.M.     9075 61.0        377       129.0 120.0    0.     0 0     201.0  48.5    48.0     0.5
13.10          10   89176 €“ B.M.     9075 221.0      1474       201.0   0.0    0.     0 0      74.0 126.8   127.0    -0.2
14.10          13   89196 €“ B.M.     9075 142.0      1150        74.0 165.0    0.     0 0     138.0 100.6   101.0    -0.4
16.10          13   89239 €“ B.M.     9075 120.0       718       138.0 150.0    0.     0 0     218.0  70.3    70.0     0.3
17.10          15   89245 €“ B.M.     9075 64.0        344       218.0   0.0    0.     0 0     179.0  38.5    39.0    -0.5
19.10          16   89250 €“ B.M.     9075 275.0         0       179.0 110.0    0.     0 0     152.0 137.9   137.0     0.9
21.10          18   89296 €“ B.M.     9075 89.0        597       152.0   0.0    0.     0 0      94.0  58.1    58.0     0.1
22.10          18   89326 €“ B.M.     9075 97.0        542        94.0 150.0    0.     0 0     183.0  61.6    61.0     0.6
23.10          21   89355 €“ B.M.     9075 61.0        328       183.0   0.0    0.     0 0     144.0  39.0    39.0     0.0
26.10          19   89364 €“ B.M.     9075 236.0         0       144.0 140.0    0.     0 0     166.0 118.0   118.0     0.0
28.10          21   89328 €“ B.M.     9075 133.0       826       166.0   0.0    0.     0 0      77.0  89.4    89.0     0.4
30.10          21   89441 €“ B.M.     9075 92.0        691        77.0  23.0    0.     0 0      40.0  60.2    60.0     0.2
31.10     1               €“ B.M.     9075 0.0           0         0.0   0.0 1388.     0 0       0.0   0.0     0.0     0.0
‘  2 31 ƒ€€†.…  13072 „ € 340502    2279.0    10314        19.0 1388. 1388. 0     0      40.0 1369.6 1367.0     2.6
ƒ‘“„€‘’‚…›‰ O… AC1994-7
01.10         900   88971 ‘’›ƒ€ ..         25 37.0          0        44.0   0.0    0.     0 0      27.0  16.6    17.0    -0.4
02.10         900   88995 ‘’›ƒ€ ..         25 18.0          0        27.0   0.0    0.     0 0      19.0   8.1     8.0     0.1
05.10         900   89020 ‘’›ƒ€ ..         25 0.0           0        19.0   0.0    0.     0 0      19.0   0.0     0.0     0.0
06.10         900   89035 ‘’›ƒ€ ..         25 36.0          0        19.0  52.0    0.     0 0      55.0  16.1    16.0     0.1
07.10         900   89055 ‘’›ƒ€ ..         25 41.0          0        55.0   0.0    0.     0 0      37.0  18.4    18.0     0.4
08.10         900   89075 ‘’›ƒ€ ..         25 0.0           0        37.0   0.0    0.     0 0      37.0   0.0     0.0     0.0
09.10         900   89094 €—‹ € €        9024 0.0           0        37.0   0.0    0.     0 0      37.0   0.0     0.0     0.0
12.10         900   89118 €—‹ € €        9024 18.0          0        37.0   0.0    0.     0 0      29.0   8.1     8.0     0.1
13.10         900   89163 €—‹ € €        9024 21.0          0        29.0   0.0    0.     0 0      20.0   9.4     9.0     0.4
14.10         900   89184 €—‹ € €        9024 9.0           0        20.0   0.0    0.     0 0      16.0   4.0     4.0     0.0
15.10         900   89209 €—‹ € €        9024 37.0          0        16.0  50.0    0.     0 0      49.0  16.6    17.0    -0.4
16.10         900   89224 €—‹ € €        9024 21.0          0        49.0   0.0    0.     0 0      40.0   9.4     9.0     0.4
19.10         901   89247 €—‹ € €        9024 21.0          0        40.0   0.0    0.     0 0      31.0   9.4     9.0     0.4
20.10         901   89273 €—‹ € €        9024 18.0          0        31.0   0.0    0.     0 0      23.0   8.1     8.0     0.1
21.10         901   89290 ‘’›ƒ€ ..         25 18.0          0        23.0   0.0    0.     0 0      15.0   8.1     8.0     0.1
22.10         901   89312 ‘’›ƒ€ ..         25 41.0          0        15.0  60.0    0.     0 0      47.0  18.4    28.0    -9.6
23.10         901   89330 ‘’›ƒ€ ..         25 0.0           0        47.0   0.0    0.     0 0      47.0   0.0     0.0     0.0
26.10         901   89345 ‘’›ƒ€ ..         25 27.0          0        47.0   0.0    0.     0 0      35.0  12.1    12.0     0.1
27.10         901   89304 ‘’›ƒ€ ..         25 18.0          0        35.0   0.0    0.     0 0      27.0   8.1     8.0     0.1
28.10         901   89376 ‘’›ƒ€ ..         25 36.0          0        27.0   0.0    0.     0 0      12.0  16.1    15.0     1.1
29.10         901   89409 ‘’›ƒ€ ..         25 19.0          0        12.0  45.0    0.     0 0      48.0   8.5     9.0    -0.5
31.10     1               ‘’›ƒ€ ..         25 0.0           0         0.0   0.0  157.     0 0       0.0   0.0     0.0     0.0
31.10     1               €—‹ € €        9024 0.0           0         0.0   0.0   50.     0 0       0.0   0.0     0.0     0.0
‘  1 31 ƒ€€†.…  14915 „ € 361526    436.0         0        44.0 207.0  207. 0     0      48.0 195.5   203.0    -7.5
ƒ‘“„€‘’‚…›‰ O… ‘ 22-61
‚ ’ —‘‹…  ‚„’…‹
                          ‘’›ƒ€ ..         25 291.0         0             157.0           0             130.5  139.0     -8.5
                          €—‹ € €        9024 145.0         0              50.0           0              65.0  64.0       1.0
’ƒ  ‹…
…‡ €-92                                         2655                      327.          0                         314.
--------------------------------------------------------------------------------------------------------------------------------
 ƒ "¨­ααβΰ®©"                                                                        „ ”› 593952
                                           ‘‚…„…
                                   €‘•„… ’‹‚€  ‡€ ’       2020  ƒ„
62014                                      „€’€ ‘—…’€ 10/11/20                                 ‹‘’  12

--------------------------------------------------------------------------------------------------------------------------------
:    :- :“’…‚‰ ‹‘’ :    ‚  „  ’ … ‹     :…ƒ: ƒ“‡-:‹-:‘’€-: ‹“—…  :‚‡‚€™… :‘’€-:   € ‘ •  „  ::
:„€’€:… :-------------------------------------:      :       :—…‘’-: ’ : ‹ (“) : ‹ (“) : ’ :---------------: +:
:    :‚…„.:… :… :                 : ’€.:    : ’: ‚  :  :-----------:-----------:  :     : ”€’  :……-:
:    :    :€— :„“- :  ”€‹ ..   :…:      :       :…‡„:‚›…‡-:   :   :   :   :‚‡- : … : /‹ :€‘- :
:    :    :      :…’€ :                 :     :      :  ’  :     : „…  : /‹ :‚…„: /‹ :‚…„:‚€’…:       :       :•„ -:
--------------------------------------------------------------------------------------------------------------------------------
                                                                0                   327.0    0                318.      4.6
…‡ €-95                                         1033                      125.          0                         126.
                                                                0                   125.0    0                127.      0.4
„‡’‹‚                                          64903         1806       26879.          0                       26163.
                                                           216594                 26879.0    0              26192.      29.9
                                „‡’‹‚
’ƒ  €
…‡ €-92                                     2655.0                    327.0       0                           314.0
                                                                0                327.00      0            318.6         4.6
…‡ €-95                                     1033.0                    125.0       0                           126.7
                                                                0                125.00      0            127.1         0.4
„‡’‹‚                                       64903.0          1806     26879.0     0                           26163.0
                                                           216594                26879.00    0            26192.9       29.9
