 ƒ "¨­ααβΰ®©"                                                                        „ ”› 593952
                                           ‘‚…„…
                                   €‘•„… ’‹‚€  ‡€ ‘…’      2020  ƒ„
62014                                      „€’€ ‘—…’€ 12/10/20                                 ‹‘’   1

--------------------------------------------------------------------------------------------------------------------------------
:    :- :“’…‚‰ ‹‘’ :    ‚  „  ’ … ‹     :…ƒ: ƒ“‡-:‹-:‘’€-: ‹“—…  :‚‡‚€™… :‘’€-:   € ‘ •  „  ::
:„€’€:… :-------------------------------------:      :       :—…‘’-: ’ : ‹ (“) : ‹ (“) : ’ :---------------: +:
:    :‚…„.:… :… :                 : ’€.:    : ’: ‚  :  :-----------:-----------:  :     : ”€’  :……-:
:    :    :€— :„“- :  ”€‹ ..   :…:      :       :…‡„:‚›…‡-:   :   :   :   :‚‡- : … : /‹ :€‘- :
:    :    :      :…’€ :                 :     :      :  ’  :     : „…  : /‹ :‚…„: /‹ :‚…„:‚€’…:       :       :•„ -:
--------------------------------------------------------------------------------------------------------------------------------
                                …‡ €-92
01.09         900   88125 ƒ…€ ‚ ‘        9253 60.0          0         8.0   0.0    0.     0 0       1.0   8.2     7.0     1.2
02.09         900   88518 ƒ…€ ‚ ‘        9253 89.0          0         1.0  30.0    0.     0 0      19.0  12.1    12.0     0.1
03.09         900   88541 ƒ…€ ‚ ‘        9253 91.0          0        19.0  20.0    0.     0 0      28.0  12.4    11.0     1.4
04.09         900   88571 ƒ…€ ‚ ‘        9253 100.0         0        28.0   0.0    0.     0 0      14.0  13.6    14.0    -0.4
07.09         900   88597 ƒ…€ ‚ ‘        9253 103.0         0        14.0   0.0    0.     0 0       1.0  14.0    13.0     1.0
08.09         900   88608 ƒ…€ ‚ ‘        9253 87.0          0         1.0  50.0    0.     0 0      40.0  11.9    11.0     0.9
09.09         900   88646 ƒ…€ ‚ ‘        9253 79.0          0        40.0   0.0    0.     0 0      29.0  10.8    11.0    -0.2
10.09         900   88665 ƒ…€ ‚ ‘        9253 51.0          0        29.0   0.0    0.     0 0      22.0   7.0     7.0     0.0
11.09         900   88684 ƒ…€ ‚ ‘        9253 52.0          0        22.0   0.0    0.     0 0      15.0   7.1     7.0     0.1
14.09         900   88710 ƒ…€ ‚ ‘        9253 53.0          0        15.0   0.0    0.     0 0       8.0   7.2     7.0     0.2
15.09         900   88726 ƒ…€ ‚ ‘        9253 45.0          0         8.0   0.0    0.     0 0       2.0   6.1     6.0     0.1
16.09         900   88742 ƒ…€ ‚ ‘        9253 97.0          0         2.0  30.0    0.     0 0      18.0  13.2    14.0    -0.8
17.09         900   88764 ƒ…€ ‚ ‘        9253 83.0          0        18.0   0.0    0.     0 0       7.0  11.3    11.0     0.3
18.09         901   88780 ƒ…€ ‚ ‘        9253 87.0          0         7.0  20.0    0.     0 0      15.0  11.9    12.0    -0.1
21.09         901   88795 ƒ…€ ‚ ‘        9253 100.0         0        15.0   0.0    0.     0 0       1.0  13.6    14.0    -0.4
22.09         901   88810 ƒ…€ ‚ ‘        9253 93.0          0         1.0  30.0    0.     0 0      18.0  12.7    13.0    -0.3
23.09         901   88839 ƒ…€ ‚ ‘        9253 100.0         0        18.0   0.0    0.     0 0       5.0  13.6    13.0     0.6
24.09         901   88861 ƒ…€ ‚ ‘        9253 75.0          0         5.0  20.0    0.     0 0      15.0  10.2    10.0     0.2
25.09         901   88880 ƒ…€ ‚ ‘        9253 60.0          0        15.0   0.0    0.     0 0       7.0   8.2     8.0     0.2
28.09         901   88910 ƒ…€ ‚ ‘        9253 50.0          0         7.0   0.0    0.     0 0       1.0   6.8     6.0     0.8
29.09         901   88894 ƒ…€ ‚ ‘        9253 51.0          0         1.0  15.0    0.     0 0       8.0   7.0     8.0    -1.0
30.09     2   901   88948 ƒ…€ ‚ ‘        9253 50.0          0         8.0   0.0  215.     0 0       1.0   6.8     7.0    -0.2
‘  1 30 ƒ€€†.…  10049 „ € 220030    1656.0        0         8.0 215.0  215. 0     0       1.0 225.7   222.0     3.7
ƒ‘“„€‘’‚…›‰ O… €€6622-7
01.09         900  600783 €‹…•‚— € €    20017 640.0         0        36.0  60.0    0.     0 0      32.0  64.0    64.0     0.0
16.09         901  600785 €‹…•‚— € €    20017 570.0         0        32.0  70.0    0.     0 0      45.0  57.0    57.0     0.0
30.09     2               €‹…•‚— € €    20017 0.0           0         0.0   0.0  130.     0 0       0.0   0.0     0.0     0.0
‘  1 30 ƒ€€†.…  11118 „ € 113080    1210.0        0        36.0 130.0  130. 0     0      45.0 121.0   121.0     0.0
ƒ‘“„€‘’‚…›‰ O… 80-28€…7
                                …‡ €-95
01.09         911  600782 ’‚ €.….     20525 640.0         0        46.9  80.0    0.     0 0      48.4  78.7    78.5     0.2
16.09         911  600784 ’‚ €.….     20525 533.0         0        48.4  29.0    0.     0 0      12.2  65.6    65.2     0.4
30.09     3               ’‚ €.….     20525 0.0           0         0.0   0.0  109.     0 0       0.0   0.0     0.0     0.0
‘  1 30 ƒ€€†.…  10014 „ € 113001    1173.0        0        46.9 109.0  109. 0     0      12.2 144.3   143.7     0.6
ƒ‘“„€‘’‚…›‰ O… 0014II-7
                                „‡’‹‚
01.09           2   88500 €‹ A.B.          27 104.0       962       218.0   0.0    0.     0 0     171.0  44.7    47.0    -2.3
02.09           2   88529 €‹ A.B.          27 121.0      1109       171.0 150.0    0.     0 0     269.0  51.9    52.0    -0.1
03.09           2   88559 €‹ A.B.          27 108.0       966       269.0   0.0    0.     0 0     223.0  46.1    46.0     0.1
04.09           2   88579 €‹ A.B.          27 90.0        739       223.0   0.0    0.     0 0     186.0  37.6    37.0     0.6
07.09           2   88620 €‹ A.B.          27 90.0        743       186.0   0.0    0.     0 0     149.0  37.6    37.0     0.6
08.09           5   88636 €‹ A.B.          27 116.0      1089       149.0 300.0    0.     0 0     399.0  50.1    50.0     0.1
09.09           5   88654 €‹ A.B.          27 82.0        743       399.0   0.0    0.     0 0     364.0  35.1    35.0     0.1
10.09           8   88673 €‹ A.B.          27 82.0        743       364.0   0.0    0.     0 0     329.0  35.1    35.0     0.1
11.09           8   88705 €‹ A.B.          27 91.0        864       329.0   0.0    0.     0 0     289.0  39.4    40.0    -0.6
15.09           8   88739 €‹ A.B.          27 111.0       739       289.0   0.0    0.     0 0     246.0  44.3    43.0     1.3
21.09          13   88816 €‹ A.B.          27 91.0        866       246.0   0.0    0.     0 0     206.0  39.4    40.0    -0.6
22.09          13   88834 €‹ A.B.          27 91.0        866       206.0   0.0    0.     0 0     167.0  39.4    39.0     0.4
23.09          17   88853 €‹ A.B.          27 91.0        866       167.0 295.0    0.     0 0     422.0  39.4    40.0    -0.6
29.09          23   88939 €‹ A.B.          27 82.0        713       422.0   0.0    0.     0 0     383.0  34.7    39.0    -4.3
30.09     1    25   88961 €‹ A.B.          27 147.0      1016       383.0   0.0  745.     0 0     328.0  59.1    55.0     4.1
‘  1 30 ƒ€€†.…  10332 „ € 322773    1497.0    13024       218.0 745.0  745. 0     0     328.0 633.9   635.0    -1.1
--------------------------------------------------------------------------------------------------------------------------------
 ƒ "¨­ααβΰ®©"                                                                        „ ”› 593952
                                           ‘‚…„…
                                   €‘•„… ’‹‚€  ‡€ ‘…’      2020  ƒ„
62014                                      „€’€ ‘—…’€ 12/10/20                                 ‹‘’   2

--------------------------------------------------------------------------------------------------------------------------------
:    :- :“’…‚‰ ‹‘’ :    ‚  „  ’ … ‹     :…ƒ: ƒ“‡-:‹-:‘’€-: ‹“—…  :‚‡‚€™… :‘’€-:   € ‘ •  „  ::
:„€’€:… :-------------------------------------:      :       :—…‘’-: ’ : ‹ (“) : ‹ (“) : ’ :---------------: +:
:    :‚…„.:… :… :                 : ’€.:    : ’: ‚  :  :-----------:-----------:  :     : ”€’  :……-:
:    :    :€— :„“- :  ”€‹ ..   :…:      :       :…‡„:‚›…‡-:   :   :   :   :‚‡- : … : /‹ :€‘- :
:    :    :      :…’€ :                 :     :      :  ’  :     : „…  : /‹ :‚…„: /‹ :‚…„:‚€’…:       :       :•„ -:
--------------------------------------------------------------------------------------------------------------------------------
ƒ‘“„€‘’‚…›‰ O… KM 2290
01.09           3   88493 €‚ H.C.        5398 149.0         0       111.0 150.0    0.     0 0     209.0  52.3    52.0     0.3
02.09           3   88521 €‚ H.C.        5398 139.0         0       209.0   0.0    0.     0 0     150.0  57.9    59.0    -1.1
03.09           3   88544 €‚ H.C.        5398 148.0         0       150.0   0.0    0.     0 0      98.0  51.9    52.0    -0.1
04.09           3   88574 €‚ H.C.        5398 146.0         0        98.0 180.0    0.     0 0     221.0  60.4    57.0     3.4
07.09           3   88600 €‚ H.C.        5398 149.0         0       221.0   0.0    0.     0 0     169.0  52.3    52.0     0.3
08.09           6   88610 €‚ H.C.        5398 145.0         0       169.0 200.0    0.     0 0     313.0  60.0    56.0     4.0
09.09           6   88649 €‚ H.C.        5398 142.0         0       313.0   0.0    0.     0 0     260.0  49.8    53.0    -3.2
10.09           6   88668 €‚ H.C.        5398 138.0         0       260.0   0.0    0.     0 0     212.0  48.4    48.0     0.4
11.09           6   88687 €‚ H.C.        5398 145.0         0       212.0   0.0    0.     0 0     160.0  50.9    52.0    -1.1
14.09           9   88722 €‚ H.C.        5398 257.0         0       160.0 200.0    0.     0 0     260.0 112.6   100.0    12.6
15.09           9   88729 €‚ H.C.        5398 148.0         0       260.0   0.0    0.     0 0     208.0  51.9    52.0    -0.1
16.09          10   88745 €‚ H.C.        5398 150.0         0       208.0   0.0    0.     0 0     148.0  65.2    60.0     5.2
17.09          10   88767 €‚ H.C.        5398 150.0         0       148.0 100.0    0.     0 0     190.0  61.2    58.0     3.2
18.09          11   88783 €‚ H.C.        5398 145.0         0       190.0   0.0    0.     0 0     131.0  50.9    59.0    -8.1
21.09          14   88798 €‚ H.C.        5398 157.0         0       131.0 200.0    0.     0 0     271.0  55.1    60.0    -4.9
22.09          14   88828 €‚ H.C.        5398 150.0         0       271.0   0.0    0.     0 0     215.0  52.6    56.0    -3.4
23.09          14   88842 €‚ H.C.        5398 145.0         0       215.0   0.0    0.     0 0     163.0  50.9    52.0    -1.1
24.09          18   88864 €‚ H.C.        5398 165.0         0       163.0 146.0    0.     0 0     241.0  67.9    68.0    -0.1
25.09          18   88888 €‚ H.C.        5398 151.0         0       241.0   0.0    0.     0 0     180.0  67.5    61.0     6.5
28.09          18   88913 €‚ H.C.        5398 147.0         0       180.0 107.0    0.     0 0     230.0  51.6    57.0    -5.4
29.09          21   88929 €‚ H.C.        5398 145.0         0       230.0   0.0    0.     0 0     170.0  59.1    60.0    -0.9
30.09     1    21   88956 €‚ H.C.        5398 149.0         0       170.0  57.0 1340.     0 0     165.0  56.6    62.0    -5.4
‘  1 30 ƒ€€†.…  10367 „ € 322773    3360.0        0       111.0 1340. 1340. 0     0     165.0 1287.0 1286.0     1.0
ƒ‘“„€‘’‚…›‰ O… KI 0839
01.09           2   88499 “‹…         4227 113.0      1011       463.0   0.0    0.     0 0     414.0  49.5    49.0     0.5
02.09           2   88528 “‹…         4227 148.0      1369       414.0   0.0    0.     0 0     349.0  65.3    65.0     0.3
03.09           2   88558 “‹…         4227 121.0      1101       349.0   0.0    0.     0 0     295.0  53.2    54.0    -0.8
04.09           5   88580 “‹…         4227 121.0      1092       295.0   0.0    0.     0 0     242.0  53.1    53.0     0.1
07.09           5   88619 “‹…         4227 82.0        743       242.0   0.0    0.     0 0     206.0  36.0    36.0     0.0
09.09           8   88635 “‹…         4227 82.0        746       206.0 283.0    0.     0 0     453.0  36.0    36.0     0.0
10.09           8   88672 “‹…         4227 82.0        743       453.0   0.0    0.     0 0     417.0  36.0    36.0     0.0
11.09           8   88740 “‹…         4227 106.0       983       377.0   0.0    0.     0 0     330.0  46.8    47.0    -0.2
11.09           8   88704 “‹…         4227 91.0        864       417.0   0.0    0.     0 0     377.0  40.4    40.0     0.4
16.09          13   88762 “‹…         4227 104.0       945       330.0 150.0    0.     0 0     434.0  45.7    46.0    -0.3
17.09          13   88779 “‹…         4227 76.0        637       434.0   0.0    0.     0 0     401.0  32.8    33.0    -0.2
21.09          13   88817 “‹…         4227 91.0        866       401.0   0.0    0.     0 0     361.0  40.5    40.0     0.5
22.09          17   88833 “‹…         4227 91.0        866       361.0   0.0    0.     0 0     321.0  40.5    40.0     0.5
23.09          17   88852 “‹…         4227 91.0        866       321.0   0.0    0.     0 0     280.0  40.5    41.0    -0.5
24.09          23   88879 “‹…         4227 114.0      1056       280.0   0.0    0.     0 0     230.0  50.4    50.0     0.4
25.09          23   88905 “‹…         4227 79.0        782       230.0   0.0    0.     0 0     195.0  35.5    35.0     0.5
30.09     1    23   88969 “‹…         4227 76.0        690       195.0   0.0  433.     0 0     161.0  33.4    34.0    -0.6
‘  1 30 ƒ€€†.…  10987 „ € 322780    1668.0    15360       463.0 433.0  433. 0     0     161.0 735.6   735.0     0.6
ƒ‘“„€‘’‚…›‰ O… … 0098
01.09           1   88498 …— A.C.      30661 142.0       398     4 120.0   0.0    0.     0 0      77.0  43.1    43.0     0.1
02.09           1   88527 …— A.C.      30661 100.0       304     2  77.0  99.0    0.     0 0     146.0  30.2    30.0     0.2
03.09           1   88549 …— A.C.      30661 186.0       626     4 146.0   0.0    0.     0 0      90.0  56.2    56.0     0.2
04.09           1   88578 …— A.C.      30661 66.0        119     1  90.0   0.0    0.     0 0      70.0  19.8    20.0    -0.2
07.09           4   88618 …— A.C.      30661 112.0       312     3  70.0  90.0    0.     0 0     126.0  34.0    34.0     0.0
08.09           4   88632 …— A.C.      30661 70.0        175     2 126.0   0.0    0.     0 0     105.0  21.3    21.0     0.3
09.09           4   88653 …— A.C.      30661 87.0        244     2 105.0  60.0    0.     0 0     139.0  26.3    26.0     0.3
10.09           4   88671 …— A.C.      30661 96.0        226     2 139.0   0.0    0.     0 0     110.0  29.0    29.0     0.0
11.09           7   88692 …— A.C.      30661 82.0        165     2 110.0   0.0    0.     0 0      85.0  24.8    25.0    -0.2
14.09           7   88720 …— A.C.      30661 80.0        179     2  85.0  70.0    0.     0 0     131.0  24.2    24.0     0.2
--------------------------------------------------------------------------------------------------------------------------------
 ƒ "¨­ααβΰ®©"                                                                        „ ”› 593952
                                           ‘‚…„…
                                   €‘•„… ’‹‚€  ‡€ ‘…’      2020  ƒ„
62014                                      „€’€ ‘—…’€ 12/10/20                                 ‹‘’   3

--------------------------------------------------------------------------------------------------------------------------------
:    :- :“’…‚‰ ‹‘’ :    ‚  „  ’ … ‹     :…ƒ: ƒ“‡-:‹-:‘’€-: ‹“—…  :‚‡‚€™… :‘’€-:   € ‘ •  „  ::
:„€’€:… :-------------------------------------:      :       :—…‘’-: ’ : ‹ (“) : ‹ (“) : ’ :---------------: +:
:    :‚…„.:… :… :                 : ’€.:    : ’: ‚  :  :-----------:-----------:  :     : ”€’  :……-:
:    :    :€— :„“- :  ”€‹ ..   :…:      :       :…‡„:‚›…‡-:   :   :   :   :‚‡- : … : /‹ :€‘- :
:    :    :      :…’€ :                 :     :      :  ’  :     : „…  : /‹ :‚…„: /‹ :‚…„:‚€’…:       :       :•„ -:
--------------------------------------------------------------------------------------------------------------------------------
15.09           7   88735 …— A.C.      30661 82.0        186     2 131.0   0.0    0.     0 0     106.0  24.8    25.0    -0.2
16.09          11   88746 …— A.C.      30661 182.0         0     5 106.0   0.0    0.     0 0      51.0  55.2    55.0     0.2
17.09          12   88773 …— A.C.      30661 118.0       347     3  51.0  95.0    0.     0 0     111.0  35.8    35.0     0.8
18.09          12   88788 …— A.C.      30661 82.0        186     2 111.0   0.0    0.     0 0      86.0  24.8    25.0    -0.2
21.09          12   88815 …— A.C.      30661 54.0        128     1  86.0  70.0    0.     0 0     140.0  16.3    16.0     0.3
22.09          12   88832 …— A.C.      30661 94.0        199     2 140.0   0.0    0.     0 0     112.0  28.4    28.0     0.4
23.09          12   88851 …— A.C.      30661 112.0       271     3 112.0   0.0    0.     0 0      78.0  34.0    34.0     0.0
24.09          16   88872 …— A.C.      30661 57.0        113     1  78.0  70.0    0.     0 0     131.0  17.2    17.0     0.2
25.09          18   88890 …— A.C.      30661 176.0         0     7 131.0   0.0    0.     0 0      78.0  54.0    53.0     1.0
28.09          16   88917 …— A.C.      30661 130.0       315     4  78.0  70.0    0.     0 0     108.0  39.6    40.0    -0.4
29.09          22   88934 …— A.C.      30661 84.0        185     3 108.0   0.0    0.     0 0      82.0  25.7    26.0    -0.3
30.09     1    22   88960 …— A.C.      30661 96.0        226     2  82.0  11.0  635.     0 0      64.0  29.0    29.0     0.0
‘  1 30 ƒ€€†.…  11606 „ € 330599    2288.0     4904    59 120.0 635.0  635. 0     0      64.0 693.7   691.0     2.7
ƒ‘“„€‘’‚…›‰ O… €‚5980-7
01.09           3   88494 ‹‚— ‹.€.    30718 169.0         0     7  88.0 100.0    0.     0 0     135.0  51.9    53.0    -1.1
02.09           3   88523 ‹‚— ‹.€.    30718 165.0         0     8 135.0   0.0    0.     0 0      85.0  50.9    50.0     0.9
03.09           3   88546 ‹‚— ‹.€.    30718 190.0         0     5  85.0 100.0    0.     0 0     127.0  57.6    58.0    -0.4
04.09           3   88575 ‹‚— ‹.€.    30718 171.0         0     8 127.0 100.0    0.     0 0     174.0  52.7    53.0    -0.3
07.09           3   88613 ‹‚— ‹.€.    30718 165.0         0     6 174.0   0.0    0.     0 0     124.0  50.4    50.0     0.4
08.09           6   88629 ‹‚— ‹.€.    30718 180.0         0     8 124.0 100.0    0.     0 0     168.0  55.4    56.0    -0.6
09.09           6   88650 ‹‚— ‹.€.    30718 184.0         0    10 168.0   0.0    0.     0 0     112.0  57.1    56.0     1.1
10.09           9   88669 ‹‚— ‹.€.    30718 196.0         0     9 112.0 100.0    0.     0 0     160.0  60.4    52.0     8.4
11.09           9   88689 ‹‚— ‹.€.    30718 176.0         0    10 160.0   0.0    0.     0 0     106.0  54.7    54.0     0.7
12.09           9   88707 ‹‚— ‹.€.    30718 132.0         0     6 106.0   0.0    0.     0 0      66.0  40.7    40.0     0.7
14.09           9   88712 ‹‚— ‹.€.    30718 215.0         0    12  66.0  75.0    0.     0 0      75.0  66.8    66.0     0.8
15.09           9   88730 ‹‚— ‹.€.    30718 182.0         0     8  75.0 100.0    0.     0 0     119.0  56.0    56.0     0.0
16.09          10   88747 ‹‚— ‹.€.    30718 190.0         0    12 119.0   0.0    0.     0 0      59.0  59.4    60.0    -0.6
17.09          10   88768 ‹‚— ‹.€.    30718 195.0         0     8  59.0 100.0    0.     0 0     101.0  59.8    58.0     1.8
18.09          11   88785 ‹‚— ‹.€.    30718 165.0         0    12 101.0   0.0    0.     0 0      49.0  51.9    52.0    -0.1
19.09          11   88792 ‹‚— ‹.€.    30718 126.0         0     8  49.0   0.0    0.     0 0      11.0  39.4    38.0     1.4
21.09          14   88800 ‹‚— ‹.€.    30718 190.0         0    10  11.0 100.0    0.     0 0      51.0  58.9    60.0    -1.1
22.09          14   88830 ‹‚— ‹.€.    30718 160.0         0     6  51.0 100.0    0.     0 0     101.0  49.0    50.0    -1.0
23.09          14   88848 ‹‚— ‹.€.    30718 165.0         0    10 101.0   0.0    0.     0 0      51.0  51.4    50.0     1.4
24.09          18   88869 ‹‚— ‹.€.    30718 173.0         0     8  51.0  60.0    0.     0 0      57.0  53.3    54.0    -0.7
25.09          18   88891 ‹‚— ‹.€.    30718 168.0         0    14  57.0  57.0    0.     0 0      63.0  53.3    51.0     2.3
26.09          16   88921 ‹‚— ‹.€.    30718 86.0        148     3  63.0   0.0    0.     0 0      37.0  26.3    26.0     0.3
28.09          21   88914 ‹‚— ‹.€.    30718 185.0         0    10  37.0  53.0    0.     0 0      34.0  57.4    56.0     1.4
29.09          21   88930 ‹‚— ‹.€.    30718 170.0         0     5  34.0  38.0    0.     0 0      19.0  51.7    53.0    -1.3
30.09     1    21   88957 ‹‚— ‹.€.    30718 101.0         0     3  19.0  18.0 1201.     0 0       6.0  30.7    31.0    -0.3
‘  1 30 ƒ€€†.…  11614 „ € 330598    4199.0      148   206  88.0 1201. 1201. 0     0       6.0 1297.1 1283.0    14.1
ƒ‘“„€‘’‚…›‰ O… €‚5978-7
03.09           2   88550 €‚—“ ƒ.”.      9644 148.0       312     2 128.0 100.0    0.     0 0     185.0  44.4    43.0     1.4
04.09           5   88581 €‚—“ ƒ.”.      9644 236.0       255     3 185.0  70.0    0.     0 0     185.0  69.4    70.0    -0.6
07.09           2   88615 €‚—“ ƒ.”.      9644 226.0       261     3 185.0   0.0    0.     0 0     120.0  66.4    65.0     1.4
08.09           2   88633 €‚—“ ƒ.”.      9644 178.0       206     2 120.0 100.0    0.     0 0     170.0  51.8    50.0     1.8
09.09           5   88655 €‚—“ ƒ.”.      9644 236.0       338     3 170.0  80.0    0.     0 0     180.0  69.4    70.0    -0.6
10.09           8   88674 €‚—“ ƒ.”.      9644 236.0       316     3 180.0   0.0    0.     0 0     110.0  69.4    70.0    -0.6
11.09           8   88693 €‚—“ ƒ.”.      9644 222.0       502     3 110.0 100.0    0.     0 0     145.0  66.6    65.0     1.6
12.09           8   88708 €‚—“ ƒ.”.      9644 120.0        77     1 145.0  78.0    0.     0 0     188.0  34.3    35.0    -0.7
13.09           8   88709 €‚—“ ƒ.”.      9644 152.0       143     2 188.0  50.0    0.     0 0     193.0  45.6    45.0     0.6
14.09           8   88714 €‚—“ ƒ.”.      9644 162.0       247     2 193.0  50.0    0.     0 0     193.0  48.6    50.0    -1.4
15.09          13   88736 €‚—“ ƒ.”.      9644 84.0         44     1 193.0   0.0    0.     0 0     168.0  25.2    25.0     0.2
15.09         900   88741 €‚—“ ƒ.”.      9644 85.0          0     1 168.0   0.0    0.     0 0     143.0  25.5    25.0     0.5
18.09          13   88758 €‚—“ ƒ.”.      9644 178.0       482     2 143.0 100.0    0.     0 0     190.0  51.8    53.0    -1.2
--------------------------------------------------------------------------------------------------------------------------------
 ƒ "¨­ααβΰ®©"                                                                        „ ”› 593952
                                           ‘‚…„…
                                   €‘•„… ’‹‚€  ‡€ ‘…’      2020  ƒ„
62014                                      „€’€ ‘—…’€ 12/10/20                                 ‹‘’   4

--------------------------------------------------------------------------------------------------------------------------------
:    :- :“’…‚‰ ‹‘’ :    ‚  „  ’ … ‹     :…ƒ: ƒ“‡-:‹-:‘’€-: ‹“—…  :‚‡‚€™… :‘’€-:   € ‘ •  „  ::
:„€’€:… :-------------------------------------:      :       :—…‘’-: ’ : ‹ (“) : ‹ (“) : ’ :---------------: +:
:    :‚…„.:… :… :                 : ’€.:    : ’: ‚  :  :-----------:-----------:  :     : ”€’  :……-:
:    :    :€— :„“- :  ”€‹ ..   :…:      :       :…‡„:‚›…‡-:   :   :   :   :‚‡- : … : /‹ :€‘- :
:    :    :      :…’€ :                 :     :      :  ’  :     : „…  : /‹ :‚…„: /‹ :‚…„:‚€’…:       :       :•„ -:
--------------------------------------------------------------------------------------------------------------------------------
19.09          13   88793 €‚—“ ƒ.”.      9644 262.0       282     3 190.0   0.0    0.     0 0     115.0  75.7    75.0     0.7
20.09          13   88794 €‚—“ ƒ.”.      9644 94.0         65     1 115.0  80.0    0.     0 0     170.0  28.1    25.0     3.1
21.09          13   88818 €‚—“ ƒ.”.      9644 266.0       478     3 170.0  80.0    0.     0 0     170.0  76.9    80.0    -3.1
22.09          13   88835 €‚—“ ƒ.”.      9644 196.0       343     3 170.0  50.0    0.     0 0     160.0  58.9    60.0    -1.1
23.09          17   88856 €‚—“ ƒ.”.      9644 182.0       428     3 160.0   0.0    0.     0 0     105.0  54.7    55.0    -0.3
24.09          17   88873 €‚—“ ƒ.”.      9644 178.0       251     2 105.0  60.0    0.     0 0     110.0  51.8    55.0    -3.2
25.09          17   88906 €‚—“ ƒ.”.      9644 336.0       671     4 110.0 100.0    0.     0 0     110.0  96.6   100.0    -3.4
28.09          23   88918 €‚—“ ƒ.”.      9644 200.0       369     3 110.0  53.0    0.     0 0     105.0  60.1    58.0     2.1
29.09          23   88932 €‚—“ ƒ.”.      9644 152.0       240     2 105.0  38.0    0.     0 0     100.0  45.6    43.0     2.6
30.09     1    23   88964 €‚—“ ƒ.”.      9644 94.0         32     1 100.0  10.0 1199.     0 0      89.0  28.1    21.0     7.1
‘  3 30 ƒ€€†.…  11622 „ € 330598    4223.0     6342    53 128.0 1199. 1199. 0     0      89.0 1244.9 1238.0     6.9
ƒ‘“„€‘’‚…›‰ O… €‚5981-7
01.09           2   88496 ‘’…“‹ €..      5230 222.0       434     3  72.0 100.0    0.     0 0     105.0  66.6    67.0    -0.4
02.09           2   88525 ‘’…“‹ €..      5230 214.0       300     3 105.0 100.0    0.     0 0     141.0  64.2    64.0     0.2
03.09           3   88545 ‘’…“‹ €..      5230 180.0         0     8 141.0   0.0    0.     0 0      86.0  55.4    55.0     0.4
07.09           3   88612 ‘’…“‹ €..      5230 170.0         0    10  86.0   0.0    0.     0 0      33.0  52.9    53.0    -0.1
08.09           3   88611 ‘’…“‹ €..      5230 170.0         0    10  33.0 100.0    0.     0 0      80.0  52.9    53.0    -0.1
09.09         900   88664 ‘’…“‹ €..      5230 72.0          0     1  80.0   0.0    0.     0 0      58.0  21.6    22.0    -0.4
11.09           9   88688 ‘’…“‹ €..      5230 170.0         0     8  58.0 100.0    0.     0 0     106.0  52.4    52.0     0.4
14.09           8   88723 ‘’…“‹ €..      5230 82.0        152     3 106.0   0.0    0.     0 0      81.0  25.1    25.0     0.1
15.09           8   88733 ‘’…“‹ €..      5230 110.0       160     4  81.0   0.0    0.     0 0      48.0  33.6    33.0     0.6
16.09          13   88750 ‘’…“‹ €..      5230 136.0       287     4  48.0  83.0    0.     0 0      90.0  41.3    41.0     0.3
19.09          12   88807 ‘’…“‹ €..      5230 32.0         30     1  90.0   0.0    0.     0 0      80.0   9.7    10.0    -0.3
30.09     1               ‘’…“‹ €..      5230 0.0           0         0.0   0.0  483.     0 0       0.0   0.0     0.0     0.0
‘  1 30 ƒ€€†.…  11721 „ € 330602    1558.0     1363    55  72.0 483.0  483. 0     0      80.0 475.7   475.0     0.7
ƒ‘“„€‘’‚…›‰ O… €0119-7
21.09          16   88808 ‹€“–‰ ”       8664 68.0        112     2  54.0   0.0    0.     0 0      33.0  20.7    21.0    -0.3
22.09          16   88836 ‹€“–‰ ”       8664 100.0       307     3  33.0   0.0    0.     0 0       3.0  30.4    30.0     0.4
23.09          14   88847 ‹€“–‰ ”       8664 175.0         0     4   3.0  98.0    0.     0 0      48.0  52.9    53.0    -0.1
24.09          16   88874 ‹€“–‰ ”       8664 116.0       396     3  48.0  70.0    0.     0 0      83.0  35.2    35.0     0.2
25.09          22   88907 ‹€“–‰ ”       8664 52.0        138     1  83.0  50.0    0.     0 0     117.0  15.7    16.0    -0.3
28.09          22   88919 ‹€“–‰ ”       8664 60.0        134     2 117.0   0.0    0.     0 0     100.0  18.3    17.0     1.3
29.09          22   88937 ‹€“–‰ ”       8664 80.0        248     3 100.0   0.0    0.     0 0      76.0  24.5    24.0     0.5
30.09     1    22   88965 ‹€“–‰ ”       8664 114.0       347     4  76.0   0.0  218.     0 0      41.0  34.8    35.0    -0.2
‘ 21 30 ƒ€€†.…  11738 „ € 330602    765.0      1682    22  54.0 218.0  218. 0     0      41.0 232.5   231.0     1.5
ƒ‘“„€‘’‚…›‰ O… €0118-7
01.09           3   88127 …‰€ ..        4161 187.0         0        15.0  70.0    0.     0 0      52.0  33.7    33.0     0.7
02.09           3   88520 …‰€ ..        4161 176.0         0        52.0   0.0    0.     0 0      21.0  31.7    31.0     0.7
03.09           3   88543 …‰€ ..        4161 172.0         0        21.0  80.0    0.     0 0      70.0  31.0    31.0     0.0
04.09           3   88573 …‰€ ..        4161 178.0         0        70.0   0.0    0.     0 0      38.0  32.0    32.0     0.0
07.09           3   88599 …‰€ ..        4161 172.0         0        38.0  80.0    0.     0 0      87.0  31.0    31.0     0.0
08.09           3   88609 …‰€ ..        4161 178.0         0        87.0   0.0    0.     0 0      55.0  32.0    32.0     0.0
09.09           6   88648 …‰€ ..        4161 172.0         0        55.0   0.0    0.     0 0      25.0  31.0    30.0     1.0
10.09           9   88667 …‰€ ..        4161 176.0         0        25.0  50.0    0.     0 0      43.0  31.7    32.0    -0.3
11.09           9   88686 …‰€ ..        4161 174.0         0        43.0   0.0    0.     0 0      12.0  31.3    31.0     0.3
14.09           9   88721 …‰€ ..        4161 179.0         0        12.0  80.0    0.     0 0      60.0  32.2    32.0     0.2
15.09           9   88728 …‰€ ..        4161 175.0         0        60.0   0.0    0.     0 0      29.0  31.5    31.0     0.5
16.09          11   88744 …‰€ ..        4161 176.0         0        29.0  80.0    0.     0 0      77.0  31.7    32.0    -0.3
17.09          11   88766 …‰€ ..        4161 178.0         0        77.0   0.0    0.     0 0      45.0  32.0    32.0     0.0
18.09          11   88782 …‰€ ..        4161 172.0         0        45.0   0.0    0.     0 0      14.0  31.0    31.0     0.0
21.09          11   88797 …‰€ ..        4161 173.0         0        14.0  80.0    0.     0 0      63.0  31.1    31.0     0.1
22.09          14   88827 …‰€ ..        4161 177.0         0        63.0   0.0    0.     0 0      30.0  31.9    33.0    -1.1
23.09          14   88841 …‰€ ..        4161 176.0         0        30.0  70.0    0.     0 0      68.0  31.7    32.0    -0.3
24.09          14   88863 …‰€ ..        4161 174.0         0        68.0   0.0    0.     0 0      36.0  31.3    32.0    -0.7
--------------------------------------------------------------------------------------------------------------------------------
 ƒ "¨­ααβΰ®©"                                                                        „ ”› 593952
                                           ‘‚…„…
                                   €‘•„… ’‹‚€  ‡€ ‘…’      2020  ƒ„
62014                                      „€’€ ‘—…’€ 12/10/20                                 ‹‘’   5

--------------------------------------------------------------------------------------------------------------------------------
:    :- :“’…‚‰ ‹‘’ :    ‚  „  ’ … ‹     :…ƒ: ƒ“‡-:‹-:‘’€-: ‹“—…  :‚‡‚€™… :‘’€-:   € ‘ •  „  ::
:„€’€:… :-------------------------------------:      :       :—…‘’-: ’ : ‹ (“) : ‹ (“) : ’ :---------------: +:
:    :‚…„.:… :… :                 : ’€.:    : ’: ‚  :  :-----------:-----------:  :     : ”€’  :……-:
:    :    :€— :„“- :  ”€‹ ..   :…:      :       :…‡„:‚›…‡-:   :   :   :   :‚‡- : … : /‹ :€‘- :
:    :    :      :…’€ :                 :     :      :  ’  :     : „…  : /‹ :‚…„: /‹ :‚…„:‚€’…:       :       :•„ -:
--------------------------------------------------------------------------------------------------------------------------------
25.09          18   88887 …‰€ ..        4161 176.0         0        36.0  60.0    0.     0 0      65.0  31.7    31.0     0.7
28.09          18   88912 …‰€ ..        4161 178.0         0        65.0   0.0    0.     0 0      33.0  32.0    32.0     0.0
29.09          21   88896 …‰€ ..        4161 176.0         0        33.0  19.0    0.     0 0      21.0  31.7    31.0     0.7
30.09     1    21   88955 …‰€ ..        4161 176.0         0        21.0  26.0  695.     0 0      15.0  31.7    32.0    -0.3
‘  1 30 ƒ€€†.…  11746 „ € 310900    3871.0        0        15.0 695.0  695. 0     0      15.0 696.9   695.0     1.9
ƒ‘“„€‘’‚…›‰ O… €0116-7
01.09           1   88501 ‹‰ A.A.        2021 74.0        186     3 140.0   0.0    0.     0 0     118.0  22.7    22.0     0.7
02.09           1   88502 ‹‰ A.A.        2021 48.0        108     2 118.0  60.0    0.     0 0     163.0  14.7    15.0    -0.3
04.09           4   88503 ‹‰ A.A.        2021 116.0       259     4 163.0   0.0    0.     0 0     128.0  35.4    35.0     0.4
05.09           4   88551 ‹‰ A.A.        2021 76.0         92     3 128.0  70.0    0.     0 0     175.0  23.3    23.0     0.3
07.09           4   88552 ‹‰ A.A.        2021 56.0        106     2 175.0   0.0    0.     0 0     158.0  17.1    17.0     0.1
10.09           4   88553 ‹‰ A.A.        2021 112.0       225     4 158.0   0.0    0.     0 0     123.0  34.2    35.0    -0.8
11.09           7   88601 ‹‰ A.A.        2021 32.0        138     1 123.0   0.0    0.     0 0     113.0   9.7    10.0    -0.3
17.09           7   88602 ‹‰ A.A.        2021 48.0        164     2 113.0   0.0    0.     0 0      98.0  14.7    15.0    -0.3
18.09          12   88603 ‹‰ A.A.        2021 96.0        338     4  98.0 100.0    0.     0 0     169.0  29.5    29.0     0.5
19.09          12   88755 ‹‰ A.A.        2021 80.0        157     3 169.0   0.0    0.     0 0     145.0  24.5    24.0     0.5
21.09          12   88756 ‹‰ A.A.        2021 100.0       286     4 145.0   0.0    0.     0 0     115.0  30.7    30.0     0.7
22.09          12   88757 ‹‰ A.A.        2021 80.0        267     3 115.0   0.0    0.     0 0      91.0  24.5    24.0     0.5
23.09          16   88801 ‹‰ A.A.        2021 64.0        241     2  91.0  80.0    0.     0 0     151.0  19.5    20.0    -0.5
24.09          16   88802 ‹‰ A.A.        2021 88.0        178     3 151.0   0.0    0.     0 0     124.0  26.9    27.0    -0.1
25.09          16   88803 ‹‰ A.A.        2021 56.0        181     2 124.0   0.0    0.     0 0     106.0  17.1    18.0    -0.9
26.09          16   88897 ‹‰ A.A.        2021 102.0       156     3 106.0  90.0    0.     0 0     165.0  31.0    31.0     0.0
28.09          22   88898 ‹‰ A.A.        2021 76.0        232     3 165.0   0.0    0.     0 0     142.0  23.3    23.0     0.3
29.09          22   88899 ‹‰ A.A.        2021 124.0       413     5 142.0   0.0    0.     0 0     104.0  38.0    38.0     0.0
30.09     1    22   88900 ‹‰ A.A.        2021 104.0       249     4 104.0  11.0  411.     0 0      83.0  31.9    32.0    -0.1
‘  1 30 ƒ€€†.…  11754 „ € 330599    1532.0     3976    57 140.0 411.0  411. 0     0      83.0 468.7   468.0     0.7
ƒ‘“„€‘’‚…›‰ O… €1122-7
01.09           1   88507 •€’‚ C.ƒ.    8923 92.0        241     3  35.0  90.0    0.     0 0      97.0  28.0    28.0     0.0
02.09           1   88530 •€’‚ C.ƒ.    8923 58.0         86     2  97.0   0.0    0.     0 0      80.0  17.7    17.0     0.7
03.09           1   88557 •€’‚ C.ƒ.    8923 138.0       381     4  80.0  80.0    0.     0 0     118.0  41.9    42.0    -0.1
04.09           4   88582 •€’‚ C.ƒ.    8923 110.0       274     3 118.0   0.0    0.     0 0      85.0  33.4    33.0     0.4
07.09           7   88616 •€’‚ C.ƒ.    8923 86.0        180     3  85.0   0.0    0.     0 0      59.0  26.3    26.0     0.3
08.09           7   88634 •€’‚ C.ƒ.    8923 94.0        177     3  59.0   0.0    0.     0 0      31.0  28.6    28.0     0.6
09.09           7   88656 •€’‚ C.ƒ.    8923 114.0       237     4  31.0  90.0    0.     0 0      87.0  34.8    34.0     0.8
10.09           7   88675 •€’‚ C.ƒ.    8923 86.0        196     3  87.0  30.0    0.     0 0      91.0  26.3    26.0     0.3
11.09           7   88706 •€’‚ C.ƒ.    8923 36.0         31     1  91.0   0.0    0.     0 0      77.0  10.9    14.0    -3.1
14.09          12   88731 •€’‚ C.ƒ.    8923 38.0         72     1  77.0   0.0    0.     0 0      66.0  11.5    11.0     0.5
15.09          21   88725 •€’‚ C.ƒ.    8923 144.0         0     8  66.0   0.0    0.     0 0      22.0  44.7    44.0     0.7
17.09          12   88775 •€’‚ C.ƒ.    8923 94.0        216     3  22.0  40.0    0.     0 0      33.0  28.6    29.0    -0.4
18.09          12   88789 •€’‚ C.ƒ.    8923 66.0        169     2  33.0  80.0    0.     0 0      93.0  20.1    20.0     0.1
21.09          12   88819 •€’‚ C.ƒ.    8923 96.0        301     3  93.0   0.0    0.     0 0      64.0  29.2    29.0     0.2
22.09          16   88837 •€’‚ C.ƒ.    8923 86.0        244     3  64.0   0.0    0.     0 0      38.0  26.3    26.0     0.3
23.09          16   88857 •€’‚ C.ƒ.    8923 38.0        102     1  38.0  50.0    0.     0 0      77.0  11.5    11.0     0.5
24.09          16   88875 •€’‚ C.ƒ.    8923 78.0        188     3  77.0  50.0    0.     0 0     103.0  23.9    24.0    -0.1
25.09          16   88908 •€’‚ C.ƒ.    8923 78.0        199     3 103.0   0.0    0.     0 0      80.0  23.9    23.0     0.9
28.09          16   88920 •€’‚ C.ƒ.    8923 58.0        141     2  80.0   0.0    0.     0 0      62.0  17.7    18.0    -0.3
29.09          22   88938 •€’‚ C.ƒ.    8923 104.0       327     4  62.0  25.0    0.     0 0      55.0  31.9    32.0    -0.1
30.09     1    22   88966 •€’‚ C.ƒ.    8923 88.0        237     3  55.0  11.0  546.     0 0      39.0  26.9    27.0    -0.1
‘  1 30 ƒ€€†.…  11771 „ € 330598    1782.0     3999    62  35.0 546.0  546. 0     0      39.0 544.1   542.0     2.1
ƒ‘“„€‘’‚…›‰ O… €3434-7
01.09           1   88504 € ‚ ‚         9318 86.0        253     4  56.0   0.0    0.     0 0      30.0  26.5    26.0     0.5
02.09           1   88505 € ‚ ‚         9318 88.0        207     3  30.0  80.0    0.     0 0      83.0  26.9    27.0    -0.1
03.09           1   88506 € ‚ ‚         9318 104.0       350     4  83.0   0.0    0.     0 0      51.0  31.9    32.0    -0.1
04.09           4   88554 € ‚ ‚         9318 118.0       357     5  51.0 100.0    0.     0 0     115.0  36.3    36.0     0.3
--------------------------------------------------------------------------------------------------------------------------------
 ƒ "¨­ααβΰ®©"                                                                        „ ”› 593952
                                           ‘‚…„…
                                   €‘•„… ’‹‚€  ‡€ ‘…’      2020  ƒ„
62014                                      „€’€ ‘—…’€ 12/10/20                                 ‹‘’   6

--------------------------------------------------------------------------------------------------------------------------------
:    :- :“’…‚‰ ‹‘’ :    ‚  „  ’ … ‹     :…ƒ: ƒ“‡-:‹-:‘’€-: ‹“—…  :‚‡‚€™… :‘’€-:   € ‘ •  „  ::
:„€’€:… :-------------------------------------:      :       :—…‘’-: ’ : ‹ (“) : ‹ (“) : ’ :---------------: +:
:    :‚…„.:… :… :                 : ’€.:    : ’: ‚  :  :-----------:-----------:  :     : ”€’  :……-:
:    :    :€— :„“- :  ”€‹ ..   :…:      :       :…‡„:‚›…‡-:   :   :   :   :‚‡- : … : /‹ :€‘- :
:    :    :      :…’€ :                 :     :      :  ’  :     : „…  : /‹ :‚…„: /‹ :‚…„:‚€’…:       :       :•„ -:
--------------------------------------------------------------------------------------------------------------------------------
05.09           4   88555 € ‚ ‚         9318 88.0        237     3 115.0   0.0    0.     0 0      88.0  26.9    27.0    -0.1
07.09           4   88556 € ‚ ‚         9318 148.0       406     5  88.0  60.0    0.     0 0     103.0  45.2    45.0     0.2
08.09           4   88604 € ‚ ‚         9318 158.0       553     6 103.0 100.0    0.     0 0     154.0  48.4    49.0    -0.6
09.09           4   88605 € ‚ ‚         9318 160.0       468     6 154.0  50.0    0.     0 0     155.0  49.0    49.0     0.0
10.09          12   88606 € ‚ ‚         9318 140.0       266     5 155.0   0.0    0.     0 0     113.0  42.8    42.0     0.8
30.09     1               € ‚ ‚         9318 0.0           0         0.0   0.0  390.     0 0       0.0   0.0     0.0     0.0
‘  1 30 ƒ€€†.…  11789 „ € 330599    1090.0     3097    41  56.0 390.0  390. 0     0     113.0 333.9   333.0     0.9
ƒ‘“„€‘’‚…›‰ O… AM9776-7
01.09           1   88497 ‹•’… ‹.‹.   32212 164.0       437     4  52.0 100.0    0.     0 0     102.0  49.6    50.0    -0.4
02.09           1   88526 ‹•’… ‹.‹.   32212 136.0       338     3 102.0  90.0    0.     0 0     151.0  41.1    41.0     0.1
03.09           1   88548 ‹•’… ‹.‹.   32212 136.0       338     3 151.0   0.0    0.     0 0     110.0  41.1    41.0     0.1
04.09           1   88577 ‹•’… ‹.‹.   32212 109.0       294     3 110.0   0.0    0.     0 0      78.0  33.1    32.0     1.1
07.09           4   88617 ‹•’… ‹.‹.   32212 74.0        178     2  78.0 100.0    0.     0 0     156.0  22.5    22.0     0.5
08.09           4   88631 ‹•’… ‹.‹.   32212 82.0        186     2 156.0   0.0    0.     0 0     132.0  24.8    24.0     0.8
09.09           7   88652 ‹•’… ‹.‹.   32212 84.0        234     2 132.0  80.0    0.     0 0     187.0  25.4    25.0     0.4
11.09           7   88691 ‹•’… ‹.‹.   32212 94.0        219     2 187.0   0.0    0.     0 0     159.0  28.4    28.0     0.4
14.09           7   88719 ‹•’… ‹.‹.   32212 94.0        199     2 159.0  60.0    0.     0 0     191.0  28.4    28.0     0.4
15.09           7   88734 ‹•’… ‹.‹.   32212 108.0       239     2 191.0   0.0    0.     0 0     158.0  32.5    33.0    -0.5
16.09           7   88749 ‹•’… ‹.‹.   32212 124.0       305     3 158.0  50.0    0.     0 0     170.0  37.5    38.0    -0.5
17.09          12   88772 ‹•’… ‹.‹.   32212 148.0       382     4 170.0   0.0    0.     0 0     125.0  44.9    45.0    -0.1
18.09          12   88787 ‹•’… ‹.‹.   32212 94.0        219     2 125.0  80.0    0.     0 0     177.0  28.4    28.0     0.4
21.09          12   88814 ‹•’… ‹.‹.   32212 94.0        199     2 177.0   0.0    0.     0 0     149.0  28.4    28.0     0.4
23.09          12   88850 ‹•’… ‹.‹.   32212 108.0       239     2 149.0  70.0    0.     0 0     184.0  32.5    35.0    -2.5
24.09          16   88871 ‹•’… ‹.‹.   32212 92.0        265     2 184.0   0.0    0.     0 0     157.0  27.8    27.0     0.8
25.09          16   88902 ‹•’… ‹.‹.   32212 82.0        207     2 157.0   0.0    0.     0 0     133.0  24.8    24.0     0.8
28.09          16   88916 ‹•’… ‹.‹.   32212 178.0       437     4 133.0  50.0    0.     0 0     129.0  53.8    54.0    -0.2
29.09          22   88933 ‹•’… ‹.‹.   32212 150.0       358     3 129.0  13.0    0.     0 0      97.0  45.2    45.0     0.2
30.09     1    22   88959 ‹•’… ‹.‹.   32212 108.0       239     2  97.0  11.0  704.     0 0      75.0  32.5    33.0    -0.5
‘  1 30 ƒ€€†.…  11819 „ € 330602    2259.0     5512    51  52.0 704.0  704. 0     0      75.0 682.7   681.0     1.7
ƒ‘“„€‘’‚…›‰ O… €H3129-7
01.09           3   88495 “…‰ B.C.      1971 186.0         0    11  66.0 100.0    0.     0 0     108.0  57.9    58.0    -0.1
02.09           3   88524 “…‰ B.C.      1971 182.0         0     8 108.0 100.0    0.     0 0     152.0  56.0    56.0     0.0
03.09           3   88547 “…‰ B.C.      1971 187.0         0     6 152.0 100.0    0.     0 0     195.0  57.0    57.0     0.0
04.09           3   88576 “…‰ B.C.      1971 185.0         0     8 195.0   0.0    0.     0 0     138.0  56.9    57.0    -0.1
07.09           3   88614 “…‰ B.C.      1971 187.0         0    10 138.0 100.0    0.     0 0     180.0  58.0    58.0     0.0
08.09           3   88630 “…‰ B.C.      1971 188.0         0     9 180.0   0.0    0.     0 0     122.0  58.0    58.0     0.0
09.09           6   88651 “…‰ B.C.      1971 177.0         0     6 122.0   0.0    0.     0 0      68.0  54.0    54.0     0.0
10.09           6   88670 “…‰ B.C.      1971 187.0         0    11  68.0  95.0    0.     0 0     105.0  58.2    58.0     0.2
11.09           6   88690 “…‰ B.C.      1971 190.0         0    10 105.0  80.0    0.     0 0     126.0  58.9    59.0    -0.1
14.09           9   88713 “…‰ B.C.      1971 172.0         0    12 126.0   0.0    0.     0 0      72.0  54.0    54.0     0.0
15.09           9   88732 “…‰ B.C.      1971 197.0         0    10  72.0 100.0    0.     0 0     111.0  60.9    61.0    -0.1
16.09           9   88748 “…‰ B.C.      1971 208.0         0     6 111.0  83.0    0.     0 0     131.0  63.2    63.0     0.2
17.09          10   88769 “…‰ B.C.      1971 197.0         0    10 131.0  60.0    0.     0 0     130.0  60.9    61.0    -0.1
18.09          11   88786 “…‰ B.C.      1971 190.0         0    11 130.0 100.0    0.     0 0     171.0  59.1    59.0     0.1
19.09          11   88791 “…‰ B.C.      1971 111.0         0     4 171.0   0.0    0.     0 0     137.0  33.9    34.0    -0.1
21.09          14   88811 “…‰ B.C.      1971 197.0         0    10 137.0  70.0    0.     0 0     146.0  60.9    61.0    -0.1
22.09          14   88831 “…‰ B.C.      1971 192.0         0    13 146.0   0.0    0.     0 0      86.0  60.2    60.0     0.2
23.09          14   88849 “…‰ B.C.      1971 199.0         0     8  86.0  86.0    0.     0 0     111.0  61.0    61.0     0.0
24.09          18   88870 “…‰ B.C.      1971 192.0         0    12 111.0  85.0    0.     0 0     136.0  60.0    60.0     0.0
25.09          18   88901 “…‰ B.C.      1971 189.0         0    12 136.0  60.0    0.     0 0     137.0  59.1    59.0     0.1
26.09          18   88909 “…‰ B.C.      1971 135.0         0     8 137.0  70.0    0.     0 0     165.0  42.0    42.0     0.0
28.09          18   88915 “…‰ B.C.      1971 192.0         0    12 165.0   0.0    0.     0 0     105.0  60.0    60.0     0.0
29.09          21   88931 “…‰ B.C.      1971 182.0         0     8 105.0  38.0    0.     0 0      87.0  56.0    56.0     0.0
30.09     1    21   88958 “…‰ B.C.      1971 172.0         0     8  87.0  17.0 1344.     0 0      52.0  53.0    52.0     1.0
--------------------------------------------------------------------------------------------------------------------------------
 ƒ "¨­ααβΰ®©"                                                                        „ ”› 593952
                                           ‘‚…„…
                                   €‘•„… ’‹‚€  ‡€ ‘…’      2020  ƒ„
62014                                      „€’€ ‘—…’€ 12/10/20                                 ‹‘’   7

--------------------------------------------------------------------------------------------------------------------------------
:    :- :“’…‚‰ ‹‘’ :    ‚  „  ’ … ‹     :…ƒ: ƒ“‡-:‹-:‘’€-: ‹“—…  :‚‡‚€™… :‘’€-:   € ‘ •  „  ::
:„€’€:… :-------------------------------------:      :       :—…‘’-: ’ : ‹ (“) : ‹ (“) : ’ :---------------: +:
:    :‚…„.:… :… :                 : ’€.:    : ’: ‚  :  :-----------:-----------:  :     : ”€’  :……-:
:    :    :€— :„“- :  ”€‹ ..   :…:      :       :…‡„:‚›…‡-:   :   :   :   :‚‡- : … : /‹ :€‘- :
:    :    :      :…’€ :                 :     :      :  ’  :     : „…  : /‹ :‚…„: /‹ :‚…„:‚€’…:       :       :•„ -:
--------------------------------------------------------------------------------------------------------------------------------
‘  1 30 ƒ€€†.…  11827 „ € 330602    4394.0        0   223  66.0 1344. 1344. 0     0      52.0 1359.1 1358.0     1.1
ƒ‘“„€‘’‚…›‰ O… €5270-7
12.08          15   88184 ‘‹‚…‰ .‹.     19062 242.0      2052     8 207.0 140.0    0.     0 0     238.0 108.7   109.0    -0.3
28.08          15   88457 ‘‹‚…‰ .‹.     19062 206.0      1440     5 154.0 113.0    0.     0 0     176.0  91.0    91.0     0.0
01.09          15   88508 ‘‹‚…‰ .‹.     19062 214.0      1165    13 155.0 140.0    0.     0 0     196.0  98.5    99.0    -0.5
02.09          15   88531 ‘‹‚…‰ .‹.     19062 206.0      1122    12 196.0 150.0    0.     0 0     252.0  94.5    94.0     0.5
03.09          19   88560 ‘‹‚…‰ .‹.     19062 208.0      1407     8 252.0   0.0    0.     0 0     159.0  93.3    93.0     0.3
04.09          19   88583 ‘‹‚…‰ .‹.     19062 172.0      1083     5 159.0 100.0    0.     0 0     183.0  75.8    76.0    -0.2
11.09          20   88700 ‘‹‚…‰ .‹.     19062 166.0      1407     8 183.0 150.0    0.     0 0     258.0  75.3    75.0     0.3
22.09          14   88838 ‘‹‚…‰ .‹.     19062 159.0         0     7 258.0 150.0    0.     0 0     334.0  73.6    74.0    -0.4
23.09          14   88844 ‘‹‚…‰ .‹.     19062 157.0         0     8 334.0   0.0    0.     0 0     261.0  73.2    73.0     0.2
24.09          18   88868 ‘‹‚…‰ .‹.     19062 159.0         0     8 261.0 109.0    0.     0 0     296.0  74.1    74.0     0.1
25.09          21   88882 ‘‹‚…‰ .‹.     19062 73.0          0     2 296.0   0.0    0.     0 0     263.0  33.2    33.0     0.2
30.09     1    25   88950 ‘‹‚…‰ .‹.     19062 228.0         0     4 263.0   0.0 1052.     0 0     161.0 102.5   102.0     0.5
‘ 12 30 ƒ€€†.…  12238 „ € 330600    2190.0     9676    88 207.0 1052. 1052. 0     0     161.0 993.7   993.0     0.7
ƒ‘“„€‘’‚…›‰ O… €I1336-7
01.09           3   88491 €’›‚ ‚..    19061 174.0         0     5 234.0   0.0    0.     0 0     156.0  79.2    78.0     1.2
02.09          20   88534 €’›‚ ‚..    19061 214.0      1604     9 156.0 150.0    0.     0 0     205.0  96.5   101.0    -4.5
03.09          20   88561 €’›‚ ‚..    19061 214.0      1604     9 205.0   0.0    0.     0 0     110.0  96.5    95.0     1.5
04.09          15   88584 €’›‚ ‚..    19061 118.0       740     1 110.0 150.0    0.     0 0     207.0  49.9    53.0    -3.1
17.09          11   88776 €’›‚ ‚..    19061 164.0         0     8 207.0 150.0    0.     0 0     281.0  76.3    76.0     0.3
21.09          14   88809 €’›‚ ‚..    19061 156.0         0    14 281.0   0.0    0.     0 0     215.0  75.7    66.0     9.7
23.09          14   88860 €’›‚ ‚..    19061 10.0          0     1 215.0   0.0    0.     0 0     211.0   4.4     4.0     0.4
30.09     1               €’›‚ ‚..    19061 0.0           0         0.0   0.0  450.     0 0       0.0   0.0     0.0     0.0
‘  1 30 ƒ€€†.…  12246 „ € 330600    1050.0     3948    47 234.0 450.0  450. 0     0     211.0 478.5   473.0     5.5
ƒ‘“„€‘’‚…›‰ O… €I1335-7
27.08          15   88408 —……‚ B..    32298 220.0      1697     4  86.0 100.0    0.     0 0      93.0  98.3    93.0     5.3
28.08          15   88458 —……‚ B..    32298 162.0      1047     3  93.0 113.0    0.     0 0     135.0  71.5    71.0     0.5
31.08          15   88484 —……‚ B..    32298 190.0      1299     7 135.0 120.0    0.     0 0     174.0  85.3    81.0     4.3
01.09          20   88509 —……‚ B..    32298 202.0      1422     8 174.0 100.0    0.     0 0     186.0  91.1    88.0     3.1
02.09          20   88535 —……‚ B..    32298 214.0      1523     9 186.0  90.0    0.     0 0     185.0  96.8    91.0     5.8
03.09          20   88567 —……‚ B..    32298 202.0      1407     8 185.0  90.0    0.     0 0     187.0  91.1    88.0     3.1
04.09          20   88585 —……‚ B..    32298 178.0      1191     6 187.0  80.0    0.     0 0     190.0  79.6    77.0     2.6
23.09          21   88859 —……‚ B..    32298 225.0         0     4 190.0 100.0    0.     0 0     187.0 103.6   103.0     0.6
24.09          21   88878 —……‚ B..    32298 225.0         0     4 187.0 100.0    0.     0 0     184.0 103.6   103.0     0.6
25.09          21   88883 —……‚ B..    32298 225.0         0     4 184.0  90.0    0.     0 0     171.0 103.6   103.0     0.6
29.09          21   88943 —……‚ B..    32298 185.0         0    12 171.0  50.0    0.     0 0     134.0  87.4    87.0     0.4
30.09     1    21   88951 —……‚ B..    32298 175.0         0    16 134.0  36.0 1059.     0 0      77.0  83.8    93.0    -9.2
‘ 27 30 ƒ€€†.…  12254 „ € 330601    2403.0     9586    85  86.0 1069. 1059. 0     0      77.0 1095.7 1078.0    17.7
ƒ‘“„€‘’‚…›‰ O… €I4259-7
07.08          24   88064 —……‚ ..    32300 238.0      1188     6 240.0 120.0    0.     0 0     257.0 110.0   103.0     7.0
28.08          15   88459 —……‚ ..    32300 206.0      1443     5 155.0   0.0    0.     0 0      65.0  92.2    90.0     2.2
31.08          15   88485 —……‚ ..    32300 199.0      1407     8  65.0 150.0    0.     0 0     125.0  89.8    90.0    -0.2
01.09          24   88510 —……‚ ..    32300 202.0      1422     8 125.0 150.0    0.     0 0     187.0  91.1    88.0     3.1
02.09          24   88536 —……‚ ..    32300 214.0      1515     9 187.0  70.0    0.     0 0     163.0  96.8    94.0     2.8
03.09          24   88568 —……‚ ..    32300 202.0      1407     8 163.0 110.0    0.     0 0     185.0  91.1    88.0     3.1
04.09          24   88586 —……‚ ..    32300 261.0      2062     4 185.0  70.0    0.     0 0     142.0 111.8   113.0    -1.2
07.09          24   88627 —……‚ ..    32300 202.0      1407     6 142.0 100.0    0.     0 0     154.0  90.6    88.0     2.6
08.09          24   88642 —……‚ ..    32300 190.0      1299     7 154.0  70.0    0.     0 0     142.0  85.3    82.0     3.3
09.09          24   88663 —……‚ ..    32300 238.0      1739    11 142.0 150.0    0.     0 0     187.0 108.3   105.0     3.3
10.09          24   88682 —……‚ ..    32300 238.0      1731    11 187.0 100.0    0.     0 0     177.0 108.3   110.0    -1.7
11.09          24   88699 —……‚ ..    32300 190.0      1299     7 177.0  90.0    0.     0 0     185.0  85.3    82.0     3.3
30.09     1               —……‚ ..    32300 0.0           0         0.0   0.0 1180.     0 0       0.0   0.0     0.0     0.0
‘  7 30 ƒ€€†.…  12262 „ € 330601    2580.0    17919    90 240.0 1180. 1180. 0     0     185.0 1160.6 1133.0    27.6
--------------------------------------------------------------------------------------------------------------------------------
 ƒ "¨­ααβΰ®©"                                                                        „ ”› 593952
                                           ‘‚…„…
                                   €‘•„… ’‹‚€  ‡€ ‘…’      2020  ƒ„
62014                                      „€’€ ‘—…’€ 12/10/20                                 ‹‘’   8

--------------------------------------------------------------------------------------------------------------------------------
:    :- :“’…‚‰ ‹‘’ :    ‚  „  ’ … ‹     :…ƒ: ƒ“‡-:‹-:‘’€-: ‹“—…  :‚‡‚€™… :‘’€-:   € ‘ •  „  ::
:„€’€:… :-------------------------------------:      :       :—…‘’-: ’ : ‹ (“) : ‹ (“) : ’ :---------------: +:
:    :‚…„.:… :… :                 : ’€.:    : ’: ‚  :  :-----------:-----------:  :     : ”€’  :……-:
:    :    :€— :„“- :  ”€‹ ..   :…:      :       :…‡„:‚›…‡-:   :   :   :   :‚‡- : … : /‹ :€‘- :
:    :    :      :…’€ :                 :     :      :  ’  :     : „…  : /‹ :‚…„: /‹ :‚…„:‚€’…:       :       :•„ -:
--------------------------------------------------------------------------------------------------------------------------------
ƒ‘“„€‘’‚…›‰ O… €I4258-7
01.09          21   88492 ‘–€ .€.       1904 156.0         0     3 133.0 150.0    0.     0 0     220.0  71.9    63.0     8.9
02.09          24   88537 ‘–€ .€.       1904 214.0      1515     9 220.0 150.0    0.     0 0     275.0  96.8    95.0     1.8
03.09          24   88569 ‘–€ .€.       1904 260.0      2062     4 275.0   0.0    0.     0 0     162.0 111.4   113.0    -1.6
09.09          24   88587 ‘–€ .€.       1904 214.0      1515     9 162.0 140.0    0.     0 0     209.0  96.8    93.0     3.8
30.09     1    25   88944 ‘–€ .€.       1904 196.0         0    13 209.0  45.0  485.     0 0     169.0  92.6    85.0     7.6
‘  1 30 ƒ€€†.…  12271 „ € 330601    1040.0     5092    38 133.0 485.0  485. 0     0     169.0 469.5   449.0    20.5
ƒ‘“„€‘’‚…›‰ O… AP0194-7
27.08          15   88432 —“€‚ B.B.     36188 234.0      1697     4 235.0   0.0    0.     0 0     110.0 102.7   125.0   -22.3
04.09          19   88588 —“€‚ B.B.     36188 190.0      1388     7 110.0 150.0    0.     0 0     175.0  84.9    85.0    -0.1
07.09          19   88626 —“€‚ B.B.     36188 124.0       432     3 175.0 140.0    0.     0 0     265.0  56.1    50.0     6.1
08.09          19   88644 —“€‚ B.B.     36188 195.0      1407     8 265.0   0.0    0.     0 0     180.0  87.7    85.0     2.7
09.09          20   88662 —“€‚ B.B.     36188 238.0      1820    11 180.0 140.0    0.     0 0     215.0 108.1   105.0     3.1
10.09          20   88681 —“€‚ B.B.     36188 238.0      1820    11 215.0 120.0    0.     0 0     230.0 108.1   105.0     3.1
11.09          20   88698 —“€‚ B.B.     36188 190.0      1388     7 230.0  80.0    0.     0 0     225.0  84.9    85.0    -0.1
29.09          21   88946 —“€‚ B.B.     36188 165.0         0    19 225.0   0.0    0.     0 0     145.0  82.2    80.0     2.2
30.09     1               —“€‚ B.B.     36188 0.0           0         0.0   0.0  630.     0 0       0.0   0.0     0.0     0.0
‘ 27 30 ƒ€€†.…  12289 „ € 330600    1574.0     9952    70 235.0 630.0  630. 0     0     145.0 714.7   720.0    -5.3
ƒ‘“„€‘’‚…›‰ O… €3459-7
01.09          19   88514 €‡€— ‚ €     5970 202.0      2154     9 153.0 150.0    0.     0 0     201.0 103.8   102.0     1.8
02.09          19   88539 €‡€— ‚ €     5970 238.0      3003    11 201.0 100.0    0.     0 0     179.0 123.1   122.0     1.1
03.09          19   88565 €‡€— ‚ €     5970 202.0      2445     8 179.0 100.0    0.     0 0     177.0 102.5   102.0     0.5
04.09          19   88590 €‡€— ‚ €     5970 178.0      2073     6 177.0 100.0    0.     0 0     189.0  88.7    88.0     0.7
07.09          19   88624 €“‚ ..       9385 246.0      3074     9 189.0 100.0    0.     0 0     167.0 125.0   122.0     3.0
08.09          20   88640 €“‚ ..       9385 214.0      2631     9 167.0 150.0    0.     0 0     208.0 109.4   109.0     0.4
09.09          24   88660 €“‚ ..       9385 238.0      3003    11 208.0 120.0    0.     0 0     215.0 123.1   113.0    10.1
10.09          20   88680 €“‚ ..       9385 238.0      3003    11 215.0   0.0    0.     0 0     100.0 123.1   115.0     8.1
11.09          20   88697 €“‚ ..       9385 190.0      2259     7 100.0 150.0    0.     0 0     155.0  95.6    95.0     0.6
15.09          14   88737 €“‚ ..       9385 230.0         0     5 155.0 150.0    0.     0 0     188.0 117.1   117.0     0.1
23.09          17   88854 €“‚ ..       9385 203.0      2864     3 188.0 129.0    0.     0 0     222.0  94.6    95.0    -0.4
24.09          17   88876 €“‚ ..       9385 203.0      2864     3 222.0  80.0    0.     0 0     207.0  94.6    95.0    -0.4
25.09          17   88903 €“‚ ..       9385 203.0      2864     3 207.0  86.0    0.     0 0     198.0  94.6    95.0    -0.4
28.09          17   88927 €“‚ ..       9385 203.0      2864     3 198.0  80.0    0.     0 0     185.0  94.6    93.0     1.6
29.09          23   88935 €“‚ ..       9385 203.0      2864     3 185.0  57.0    0.     0 0     149.0  94.6    93.0     1.6
30.09     1    23   88962 €“‚ ..       9385 203.0      2864     3 149.0 150.0 1702.     0 0     203.0  94.6    96.0    -1.4
‘  1 30 ƒ€€†.…  12319 „ € 330605    3394.0    40829   104 153.0 1702. 1702. 0     0     203.0 1679.0 1652.0    27.0
ƒ‘“„€‘’‚…›‰ O… €C1817-7
‚ ’ —‘‹…  ‚„’…‹
                          €‡€— ‚ €     5970 820.0      9676             450.0           0             418.1  414.0      4.1
                          €“‚ ..       9385 2574.0    31153             1252.           0             1260.9 1238.0    22.9
01.09          19   88515 ‚€         13470 214.0      2598     9 132.0 100.0    0.     0 0     124.0 109.4   108.0     1.4
02.09          19   88540 ‚€         13470 226.0      2784    10 124.0  60.0    0.     0 0      69.0 116.3   115.0     1.3
03.09          19   88566 ‚€         13470 226.0      2784    10  69.0 200.0    0.     0 0     154.0 116.3   115.0     1.3
04.09          19   88591 ‚€         13470 178.0      2040     6 154.0 200.0    0.     0 0     266.0  88.7    88.0     0.7
07.09          19   88623 ‚€         13470 292.0      3714     9 266.0 100.0    0.     0 0     220.0 147.4   146.0     1.4
08.09          20   88639 ‚€         13470 226.0      2784    10 220.0 100.0    0.     0 0     205.0 116.3   115.0     1.3
09.09          24   88659 ‚€         13470 250.0      3156    12 205.0 100.0    0.     0 0     175.0 130.0   130.0     0.0
10.09          20   88679 ‚€         13470 238.0      2970    11 175.0 180.0    0.     0 0     233.0 123.1   122.0     1.1
11.09          20   88696 ‚€         13470 232.0      2970     7 233.0  80.0    0.     0 0     200.0 116.3   113.0     3.3
14.09          11   88724 ‚€         13470 25.0          0     1 200.0   0.0    0.     0 0     188.0  11.0    12.0    -1.0
15.09          11   88738 ‚€         13470 230.0         0     5 188.0 100.0    0.     0 0     171.0 117.1   117.0     0.1
16.09          11   88763 ‚€         13470 160.0         0     8 171.0  80.0    0.     0 0     165.0  86.0    86.0     0.0
23.09          17   88855 “‘‰ ‹..      9050 203.0      2864     3 165.0 130.0    0.     0 0     200.0  94.6    95.0    -0.4
24.09          17   88877 “‘‰ ‹..      9050 203.0      2864     3 200.0 100.0    0.     0 0     205.0  94.6    95.0    -0.4
--------------------------------------------------------------------------------------------------------------------------------
 ƒ "¨­ααβΰ®©"                                                                        „ ”› 593952
                                           ‘‚…„…
                                   €‘•„… ’‹‚€  ‡€ ‘…’      2020  ƒ„
62014                                      „€’€ ‘—…’€ 12/10/20                                 ‹‘’   9

--------------------------------------------------------------------------------------------------------------------------------
:    :- :“’…‚‰ ‹‘’ :    ‚  „  ’ … ‹     :…ƒ: ƒ“‡-:‹-:‘’€-: ‹“—…  :‚‡‚€™… :‘’€-:   € ‘ •  „  ::
:„€’€:… :-------------------------------------:      :       :—…‘’-: ’ : ‹ (“) : ‹ (“) : ’ :---------------: +:
:    :‚…„.:… :… :                 : ’€.:    : ’: ‚  :  :-----------:-----------:  :     : ”€’  :……-:
:    :    :€— :„“- :  ”€‹ ..   :…:      :       :…‡„:‚›…‡-:   :   :   :   :‚‡- : … : /‹ :€‘- :
:    :    :      :…’€ :                 :     :      :  ’  :     : „…  : /‹ :‚…„: /‹ :‚…„:‚€’…:       :       :•„ -:
--------------------------------------------------------------------------------------------------------------------------------
25.09          17   88904 “‘‰ ‹..      9050 203.0      2864     3 205.0 100.0    0.     0 0     210.0  94.6    95.0    -0.4
28.09          17   88928 “‘‰ ‹..      9050 203.0      2864     3 210.0  90.0    0.     0 0     205.0  94.6    95.0    -0.4
29.09          23   88936 “‘‰ ‹..      9050 203.0      2864     3 205.0  75.0    0.     0 0     186.0  94.6    94.0     0.6
30.09     1    23   88963 ‚€         13470 203.0      2864     3 186.0  35.0 1830.     0 0     131.0  94.6    90.0     4.6
‘  1 30 ƒ€€†.…  12327 „ € 330605    3715.0    42984   116 132.0 1830. 1830. 0     0     131.0 1845.5 1831.0    14.5
ƒ‘“„€‘’‚…›‰ O… €C1818-7
‚ ’ —‘‹…  ‚„’…‹
                          ‚€         13470 2700.0    28664             1335.           0             1372.5 1357.0    15.5
                          “‘‰ ‹..      9050 1015.0    14318             495.0           0             473.0  474.0     -1.0
27.08          15   88435 €‘‚‘‰ ‹.E.   9921 250.0      2006     7 232.0 100.0    0.     0 0     220.0 113.0   112.0     1.0
01.09          15   88512 “‘‰ ‹..      9050 214.0      1588    13 210.0 130.0    0.     0 0     239.0 103.2   101.0     2.2
02.09          19   88532 “‘‰ ‹..      9050 218.0      1572    14 239.0   0.0    0.     0 0     137.0 106.1   102.0     4.1
03.09          19   88564 “‘‰ ‹..      9050 250.0      2443    12 137.0 160.0    0.     0 0     180.0 118.0   117.0     1.0
04.09          19   88592 “‘‰ ‹..      9050 202.0      1891     8 180.0 130.0    0.     0 0     217.0  92.9    93.0    -0.1
07.09          19   88622 “‘‰ ‹..      9050 226.0      2167     7 217.0   0.0    0.     0 0     116.0 102.5   101.0     1.5
08.09          20   88638 “‘‰ ‹..      9050 226.0      2167     9 116.0 160.0    0.     0 0     172.0 104.5   104.0     0.5
09.09          24   88658 “‘‰ ‹..      9050 262.0      2581    13 172.0 160.0    0.     0 0     209.0 124.3   123.0     1.3
10.09          14   88677 “‘‰ ‹..      9050 258.0         0     3 209.0 120.0    0.     0 0     211.0 116.0   118.0    -2.0
11.09          20   88695 “‘‰ ‹..      9050 238.0      2305     7 211.0 130.0    0.     0 0     234.0 107.7   107.0     0.7
16.09          10   88759 “‘‰ ‹..      9050 225.0         0     4 234.0 110.0    0.     0 0     242.0 102.5   102.0     0.5
17.09          13   88778 “‘‰ ‹..      9050 350.0      4343     3 242.0 120.0    0.     0 0     220.0 141.8   142.0    -0.2
18.09          13   88790 “‘‰ ‹..      9050 350.0      4343     3 220.0 140.0    0.     0 0     218.0 141.8   142.0    -0.2
22.09          14   88825 €‘‚‘‰ ‹.E.   9921 157.0         0    20 218.0 150.0    0.     0 0     280.0  88.7    88.0     0.7
23.09          18   88845 €‘‚‘‰ ‹.E.   9921 156.0         0    20 280.0   0.0    0.     0 0     192.0  88.3    88.0     0.3
24.09          18   88866 €‘‚‘‰ ‹.E.   9921 207.0         0     5 192.0 145.0    0.     0 0     242.0  95.6    95.0     0.6
25.09          21   88886 €‘‚‘‰ ‹.E.   9921 225.0         0     4 242.0   0.0    0.     0 0     141.0 102.5   101.0     1.5
27.09          18   88923 €‘‚‘‰ ‹.E.   9921 193.0         0    13 141.0 140.0    0.     0 0     184.0  97.5    97.0     0.5
28.09          21   88925 €‘‚‘‰ ‹.E.   9921 195.0         0    14 184.0 105.0    0.     0 0     189.0  99.4   100.0    -0.6
29.09          21   88940 €‘‚‘‰ ‹.E.   9921 166.0         0    13 189.0  75.0    0.     0 0     179.0  85.7    85.0     0.7
30.09     1    21   88953 €‘‚‘‰ ‹.E.   9921 175.0         0    17 179.0   0.0 2075.     0 0      84.0  93.6    95.0    -1.4
‘ 27 30 ƒ€€†.…  12335 „ € 330606    4743.0    27406   209 232.0 2075. 2075. 0     0      84.0 2225.6 2213.0    12.6
ƒ‘“„€‘’‚…›‰ O… €C3419-7
‚ ’ —‘‹…  ‚„’…‹
                          €‘‚‘‰ ‹.E.   9921 1724.0     2006             715.0           0             864.3  861.0      3.3
                          “‘‰ ‹..      9050 3019.0    25400             1360.           0             1361.3 1352.0     9.3
31.08          15   88489 €“”… B.B.   5673 214.0      2029     9 189.0 100.0    0.     0 0     185.0  99.2   104.0    -4.8
01.09          20   88513 €“”… B.B.   5673 220.0      1679    14 185.0 120.0    0.     0 0     199.0 106.9   106.0     0.9
02.09          20   88533 €“”… B.B.   5673 220.0      1679    14 199.0 120.0    0.     0 0     213.0 106.9   106.0     0.9
03.09          20   88563 €“”… B.B.   5673 250.0      2443    12 213.0 100.0    0.     0 0     196.0 118.0   117.0     1.0
04.09          20   88593 €“”… B.B.   5673 202.0      1891     8 196.0 100.0    0.     0 0     203.0  92.9    93.0    -0.1
07.09          20   88621 €“”… B.B.   5673 244.0      2305     8 203.0 150.0    0.     0 0     242.0 111.3   111.0     0.3
08.09          24   88637 €“”… B.B.   5673 238.0      2167    10 242.0 100.0    0.     0 0     232.0 110.5   110.0     0.5
09.09          24   88657 €“”… B.B.   5673 250.0      2503    12 232.0 100.0    0.     0 0     215.0 118.0   117.0     1.0
10.09          20   88678 €“”… B.B.   5673 250.0      2443    12 215.0 120.0    0.     0 0     218.0 118.0   117.0     1.0
11.09          20   88694 €“”… B.B.   5673 238.0      2581     8 218.0 120.0    0.     0 0     231.0 109.1   107.0     2.1
16.09          10   88761 €“”… B.B.   5673 168.0         0     8 231.0   0.0    0.     0 0     150.0  81.6    81.0     0.6
17.09          11   88774 €“”… B.B.   5673 196.0         0     6 150.0 200.0    0.     0 0     259.0  91.8    91.0     0.8
21.09          14   88821 €“”… B.B.   5673 155.0         0    23 259.0   0.0    0.     0 0     168.0  90.9    91.0    -0.1
22.09          14   88826 €“”… B.B.   5673 156.0         0    23 168.0 200.0    0.     0 0     278.0  91.3    90.0     1.3
23.09          14   88846 €“”… B.B.   5673 155.0         0    22 278.0   0.0    0.     0 0     189.0  89.9    89.0     0.9
24.09          18   88867 €“”… B.B.   5673 205.0         0     5 189.0 140.0    0.     0 0     234.0  94.7    95.0    -0.3
25.09          21   88885 €“”… B.B.   5673 235.0         0     5 234.0   0.0    0.     0 0     132.0 107.9   102.0     5.9
27.09          18   88924 €“”… B.B.   5673 195.0         0    14 132.0 170.0    0.     0 0     202.0  99.4   100.0    -0.6
28.09          21   88926 €“”… B.B.   5673 194.0         0    13 202.0 100.0    0.     0 0     205.0  97.9    97.0     0.9
--------------------------------------------------------------------------------------------------------------------------------
 ƒ "¨­ααβΰ®©"                                                                        „ ”› 593952
                                           ‘‚…„…
                                   €‘•„… ’‹‚€  ‡€ ‘…’      2020  ƒ„
62014                                      „€’€ ‘—…’€ 12/10/20                                 ‹‘’  10

--------------------------------------------------------------------------------------------------------------------------------
:    :- :“’…‚‰ ‹‘’ :    ‚  „  ’ … ‹     :…ƒ: ƒ“‡-:‹-:‘’€-: ‹“—…  :‚‡‚€™… :‘’€-:   € ‘ •  „  ::
:„€’€:… :-------------------------------------:      :       :—…‘’-: ’ : ‹ (“) : ‹ (“) : ’ :---------------: +:
:    :‚…„.:… :… :                 : ’€.:    : ’: ‚  :  :-----------:-----------:  :     : ”€’  :……-:
:    :    :€— :„“- :  ”€‹ ..   :…:      :       :…‡„:‚›…‡-:   :   :   :   :‚‡- : … : /‹ :€‘- :
:    :    :      :…’€ :                 :     :      :  ’  :     : „…  : /‹ :‚…„: /‹ :‚…„:‚€’…:       :       :•„ -:
--------------------------------------------------------------------------------------------------------------------------------
29.09          21   88941 €“”… B.B.   5673 166.0         0    15 205.0  75.0    0.     0 0     193.0  87.7    87.0     0.7
30.09     1    21   88954 €“”… B.B.   5673 175.0         0    15 193.0  20.0 2035.     0 0     109.0  91.6   104.0   -12.4
‘ 31 30 ƒ€€†.…  12343 „ € 330606    4326.0    21720   256 189.0 2035. 2035. 0     0     109.0 2115.5 2115.0     0.5
ƒ‘“„€‘’‚…›‰ O… €C3420-7
27.08          15   88433 ‘‹€ .C.       3565 234.0      1786     4 279.0 137.0    0.     0 0     308.0 108.6   108.0     0.6
31.08          15   88486 ‘‹€ .C.       3565 202.0      1496     8 270.0 150.0    0.     0 0     312.0  95.7   108.0   -12.3
01.09          19   88511 ‘‹€ .C.       3565 214.0      1530     9 312.0 100.0    0.     0 0     307.0 101.9   105.0    -3.1
02.09          19   88538 ‘‹€ .C.       3565 226.0      1712    10 307.0 120.0    0.     0 0     317.0 108.1   110.0    -1.9
03.09          15   88570 ‘‹€ .C.       3565 266.0      2220     3 317.0 150.0    0.     0 0     350.0 116.2   117.0    -0.8
04.09          15   88589 ‘‹€ .C.       3565 340.0      2960     4 350.0 130.0    0.     0 0     330.0 148.3   150.0    -1.7
07.09          19   88625 ‘‹€ .C.       3565 258.0      2191    10 330.0 120.0    0.     0 0     325.0 123.3   125.0    -1.7
08.09          20   88641 ‘‹€ .C.       3565 250.0      1928    12 325.0 122.0    0.     0 0     325.0 120.5   122.0    -1.5
09.09          24   88661 ‘‹€ .C.       3565 238.0      1820    11 325.0 100.0    0.     0 0     309.0 114.3   116.0    -1.7
10.09           9   88676 ‘‹€ .C.       3565 258.0         0     5 309.0 130.0    0.     0 0     314.0 124.5   125.0    -0.5
11.09           9   88685 ‘‹€ .C.       3565 258.0         0     5 314.0 120.0    0.     0 0     307.0 124.5   127.0    -2.5
16.09           9   88760 ‘‹€ .C.       3565 225.0         0     4 334.0 125.0    0.     0 0     349.0 108.4   110.0    -1.6
17.09          10   88777 ‘‹€ .C.       3565 158.0         0     8 349.0   0.0    0.     0 0     269.0  78.7    80.0    -1.3
21.09          14   88822 ‘‹€ .C.       3565 153.0         0    22 269.0 150.0    0.     0 0     341.0  83.4    78.0     5.4
22.09          14   88824 ‘‹€ .C.       3565 158.0         0     8 341.0 100.0    0.     0 0     361.0  78.7    80.0    -1.3
23.09          14   88858 ‘‹€ .C.       3565 225.0         0     4 361.0 100.0    0.     0 0     351.0 108.4   110.0    -1.6
25.09          18   88884 ‘‹€ .C.       3565 225.0         0     4 351.0  90.0    0.     0 0     331.0 108.4   110.0    -1.6
28.09          21   88893 —……‚ B..    32298 101.0         0     5 331.0   0.0    0.     0 0     281.0  50.3    50.0     0.3
29.09          21   88942 ‘‹€ .C.       3565 165.0         0    14 281.0  57.0    0.     0 0     258.0  85.0    80.0     5.0
30.09     1    21   88952 ‘‹€ .C.       3565 176.0         0    17 258.0   0.0 2001.     0 0     192.0  91.7    66.0    25.7
‘ 27 30 ƒ€€†.…  12350 „ € 330610    4330.0    17643   167 279.0 2001. 2001. 0     0     192.0 2078.9 2077.0     1.9
ƒ‘“„€‘’‚…›‰ O… €T0777-7
‚ ’ —‘‹…  ‚„’…‹
                          ‘‹€ .C.       3565 4229.0    17643             2001.           0             2028.6 2027.0     1.6
                          —……‚ B..    32298 101.0         0               0.0           0              50.3  50.0       0.3
01.09           2   88516  ‘..        1457 72.0        355       257.0   0.0    0.     0 0     211.0  45.7    46.0    -0.3
02.09           3   88522  ‘..        1457 146.0         0       211.0   0.0    0.     0 0     136.0  75.4    75.0     0.4
04.09           5   88594  ‘..        1457 102.0       715       136.0 150.0    0.     0 0     211.0  74.9    75.0    -0.1
08.09           5   88596  ‘..        1457 252.0      2074       211.0   0.0    0.     0 0      70.0 141.0   141.0     0.0
10.09           7   88683  ‘..        1457 46.0        176        70.0 150.0    0.     0 0     192.0  32.4    28.0     4.4
14.09           7   88715  ‘..        1457 102.0       806       192.0 150.0    0.     0 0     266.0  75.6    76.0    -0.4
15.09           7   88717  ‘..        1457 102.0       806       266.0   0.0    0.     0 0     193.0  73.3    73.0     0.3
16.09          11   88806  ‘..        1457 71.0          0       193.0   0.0    0.     0 0     156.0  36.9    37.0    -0.1
17.09          13   88771  ‘..        1457 74.0        538       156.0 150.0    0.     0 0     255.0  50.3    51.0    -0.7
19.09          13   88813  ‘..        1457 80.0        461       255.0   0.0    0.     0 0     204.0  51.7    51.0     0.7
21.09          14   88799  ‘..        1457 149.0         0       204.0   0.0    0.     0 0     125.0  79.6    79.0     0.6
22.09          14   88829  ‘..        1457 149.0         0       125.0 150.0    0.     0 0     195.0  79.3    80.0    -0.7
23.09          14   88843  ‘..        1457 148.0         0       195.0 129.0    0.     0 0     246.0  78.6    78.0     0.6
24.09          21   88865  ‘..        1457 146.0         0       246.0   0.0    0.     0 0     171.0  75.4    75.0     0.4
25.09          21   88889  ‘..        1457 149.0         0       171.0   0.0    0.     0 0      92.0  79.3    79.0     0.3
26.09          23   88922  ‘..        1457 76.0        484        92.0 138.0    0.     0 0     180.0  50.0    50.0     0.0
29.09          23   88947  ‘..        1457 82.0        614       180.0   0.0    0.     0 0     122.0  58.2    58.0     0.2
30.09     1    23   88967  ‘..        1457 80.0        595       122.0  43.0 1060.     0 0     108.0  56.3    57.0    -0.7
‘  1 30 ƒ€€†.…  13064 „ € 340502    2026.0     7624       257.0 1060. 1060. 0     0     108.0 1213.9 1209.0     4.9
ƒ‘“„€‘’‚…›‰ O… AC1659-7
04.09           5   88595 €“ B.M.     9075 82.0        576       127.0 150.0    0.     0 0     228.0  49.4    49.0     0.4
05.09           2   88562 €“ B.M.     9075 68.0        396       228.0   0.0    0.     0 0     184.0  43.3    44.0    -0.7
07.09           5   88607 €“ B.M.     9075 88.0        653       184.0   0.0    0.     0 0     126.0  57.0    58.0    -1.0
08.09           5   88645 €“ B.M.     9075 54.0        224       126.0 150.0    0.     0 0     247.0  30.1    29.0     1.1
09.09           5   88517 €“ B.M.     9075 68.0        463       247.0   0.0    0.     0 0     203.0  43.4    44.0    -0.6
--------------------------------------------------------------------------------------------------------------------------------
 ƒ "¨­ααβΰ®©"                                                                        „ ”› 593952
                                           ‘‚…„…
                                   €‘•„… ’‹‚€  ‡€ ‘…’      2020  ƒ„
62014                                      „€’€ ‘—…’€ 12/10/20                                 ‹‘’  11

--------------------------------------------------------------------------------------------------------------------------------
:    :- :“’…‚‰ ‹‘’ :    ‚  „  ’ … ‹     :…ƒ: ƒ“‡-:‹-:‘’€-: ‹“—…  :‚‡‚€™… :‘’€-:   € ‘ •  „  ::
:„€’€:… :-------------------------------------:      :       :—…‘’-: ’ : ‹ (“) : ‹ (“) : ’ :---------------: +:
:    :‚…„.:… :… :                 : ’€.:    : ’: ‚  :  :-----------:-----------:  :     : ”€’  :……-:
:    :    :€— :„“- :  ”€‹ ..   :…:      :       :…‡„:‚›…‡-:   :   :   :   :‚‡- : … : /‹ :€‘- :
:    :    :      :…’€ :                 :     :      :  ’  :     : „…  : /‹ :‚…„: /‹ :‚…„:‚€’…:       :       :•„ -:
--------------------------------------------------------------------------------------------------------------------------------
14.09           8   88716 €“ B.M.     9075 102.0       806       203.0   0.0    0.     0 0     127.0  76.1    76.0     0.1
15.09           8   88718 €“ B.M.     9075 104.0       806       127.0  99.3    0.     0 0     147.0  79.0    79.3    -0.3
17.09          11   88770 €“ B.M.     9075 127.0         0       147.0   0.0    0.     0 0      82.0  64.9    65.0    -0.1
18.09          11   88784 €“ B.M.     9075 152.0         0        82.0 150.0    0.     0 0     155.0  77.8    77.0     0.8
28.09          21   88892 €“ B.M.     9075 171.0         0       155.0   0.0    0.     0 0      70.0  85.3    85.0     0.3
29.09          23   88945 €“ B.M.     9075 150.0      1075        70.0  57.0    0.     0 0      47.0  80.8    80.0     0.8
30.09     1    23   88968 €“ B.M.     9075 112.0       838        47.0  43.0  649.     0 0      19.0  70.4    71.0    -0.6
‘  4 30 ƒ€€†.…  13072 „ € 340502    1278.0     5837       127.0 649.3  649. 0     0      19.0 757.5   757.3     0.2
ƒ‘“„€‘’‚…›‰ O… AC1994-7
01.09         900   88126 ‘’›ƒ€ ..         25 5.0           0        18.0   0.0    0.     0 0      16.0   2.2     2.0     0.2
02.09         900   88519 ‘’›ƒ€ ..         25 35.0          0        16.0  80.0    0.     0 0      80.0  15.7    16.0    -0.3
03.09         900   88542 ‘’›ƒ€ ..         25 37.0          0        80.0   0.0    0.     0 0      63.0  16.6    17.0    -0.4
04.09         900   88572 ‘’›ƒ€ ..         25 23.0          0        63.0   0.0    0.     0 0      53.0  10.3    10.0     0.3
08.09         900   88643 €—‹ € €        9024 81.0          0        53.0   0.0    0.     0 0      20.0  36.3    33.0     3.3
09.09         900   88647 €—‹ € €        9024 0.0           0        20.0   0.0    0.     0 0      20.0   0.0     0.0     0.0
10.09         900   88666 ‘’›ƒ€ ..         25 11.0          0        20.0   0.0    0.     0 0      15.0   4.9     5.0    -0.1
11.09         900   88598 ‘’›ƒ€ ..         25 0.0           0        15.0   0.0    0.     0 0      15.0   0.0     0.0     0.0
14.09         900   88711 ‘’›ƒ€ ..         25 9.0           0        15.0  40.0    0.     0 0      51.0   4.0     4.0     0.0
15.09         900   88727 ‘’›ƒ€ ..         25 0.0           0        51.0   0.0    0.     0 0      51.0   0.0     0.0     0.0
16.09         900   88743 ‘’›ƒ€ ..         25 26.0          0        51.0   0.0    0.     0 0      40.0  11.7    11.0     0.7
17.09         900   88765 ‘’›ƒ€ ..         25 18.0          0        40.0   0.0    0.     0 0      32.0   8.1     8.0     0.1
18.09         901   88781 ‘’›ƒ€ ..         25 0.0           0        32.0   0.0    0.     0 0      32.0   0.0     0.0     0.0
21.09         901   88796 ‘’›ƒ€ ..         25 21.0          0        32.0   0.0    0.     0 0      23.0   9.4     9.0     0.4
22.09         901   88823 ‘’›ƒ€ ..         25 17.0          0        23.0   0.0    0.     0 0      15.0   7.6     8.0    -0.4
23.09         901   88840 ‘’›ƒ€ ..         25 9.0           0        15.0  80.0    0.     0 0      91.0   4.0     4.0     0.0
24.09         901   88862 ‘’›ƒ€ ..         25 0.0           0        91.0   0.0    0.     0 0      91.0   0.0     0.0     0.0
25.09         901   88881 ‘’›ƒ€ ..         25 31.0          0        91.0   0.0    0.     0 0      77.0  13.9    14.0    -0.1
28.09         901   88911 ‘’›ƒ€ ..         25 35.0          0        77.0   0.0    0.     0 0      61.0  15.7    16.0    -0.3
29.09         901   88895 ‘’›ƒ€ ..         25 42.0          0        61.0   0.0    0.     0 0      44.0  18.8    17.0     1.8
30.09     1   901   88949 ‘’›ƒ€ ..         25 0.0           0        44.0   0.0  200.     0 0      44.0   0.0     0.0     0.0
‘  1 30 ƒ€€†.…  14915 „ € 361526    400.0         0        18.0 200.0  200. 0     0      44.0 179.2   174.0     5.2
ƒ‘“„€‘’‚…›‰ O… ‘ 22-61
‚ ’ —‘‹…  ‚„’…‹
                          ‘’›ƒ€ ..         25 319.0         0             200.0           0             142.9  141.0      1.9
                          €—‹ € €        9024 81.0          0               0.0           0              36.3  33.0       3.3
’ƒ  ‹…
…‡ €-92                                         2866                      345.          0                         343.
                                                                0                   345.0    0                346.      3.7
…‡ €-95                                         1173                      109.          0                         143.
                                                                0                   109.0    0                144.      0.6
„‡’‹‚                                          69535         2099       26762.          0                       27525.
                                                           279623                 26752.3    0              27693.      168.3
                                „‡’‹‚
’ƒ  €
…‡ €-92                                     2866.0                    345.0       0                           343.0
                                                                0                345.00      0            346.7         3.7
…‡ €-95                                     1173.0                    109.0       0                           143.7
                                                                0                109.00      0            144.3         0.6
„‡’‹‚                                       69535.0          2099     26762.3     0                           27525.3
                                                           279623                26752.30    0            27693.6       168.3
