 ƒ "¨­ααβΰ®©"                                                                        „ ”› 593952
                                           ‘‚…„…
                                   €‘•„… ’‹‚€  ‡€ ‘…’      2020  ƒ„
62014                                      „€’€ ‘—…’€ 17/09/20                                 ‹‘’   1

--------------------------------------------------------------------------------------------------------------------------------
:    :- :“’…‚‰ ‹‘’ :    ‚  „  ’ … ‹     :…ƒ: ƒ“‡-:‹-:‘’€-: ‹“—…  :‚‡‚€™… :‘’€-:   € ‘ •  „  ::
:„€’€:… :-------------------------------------:      :       :—…‘’-: ’ : ‹ (“) : ‹ (“) : ’ :---------------: +:
:    :‚…„.:… :… :                 : ’€.:    : ’: ‚  :  :-----------:-----------:  :     : ”€’  :……-:
:    :    :€— :„“- :  ”€‹ ..   :…:      :       :…‡„:‚›…‡-:   :   :   :   :‚‡- : … : /‹ :€‘- :
:    :    :      :…’€ :                 :     :      :  ’  :     : „…  : /‹ :‚…„: /‹ :‚…„:‚€’…:       :       :•„ -:
--------------------------------------------------------------------------------------------------------------------------------
                                „‡’‹‚
01.09           2   88500 €‹ A.B.          27 104.0       962       218.0   0.0    0.     0 0     171.0  44.7    47.0    -2.3
02.09           2   88529 €‹ A.B.          27 121.0      1109       171.0 150.0    0.     0 0     269.0  51.9    52.0    -0.1
03.09           2   88559 €‹ A.B.          27 108.0       966       269.0   0.0    0.     0 0     223.0  46.1    46.0     0.1
04.09           2   88579 €‹ A.B.          27 90.0        739       223.0   0.0    0.     0 0     186.0  37.6    37.0     0.6
07.09           2   88620 €‹ A.B.          27 90.0        743       186.0   0.0    0.     0 0     149.0  37.6    37.0     0.6
08.09           5   88636 €‹ A.B.          27 116.0      1089       149.0 300.0    0.     0 0     399.0  50.1    50.0     0.1
09.09           5   88654 €‹ A.B.          27 82.0        743       399.0   0.0    0.     0 0     364.0  35.1    35.0     0.1
10.09           8   88673 €‹ A.B.          27 82.0        743       364.0   0.0    0.     0 0     329.0  35.1    35.0     0.1
11.09           8   88705 €‹ A.B.          27 91.0        864       329.0   0.0    0.     0 0     289.0  39.4    40.0    -0.6
15.09           8   88739 €‹ A.B.          27 111.0       739       289.0   0.0    0.     0 0     246.0  44.3    43.0     1.3
‘  1 15 ƒ€€†.…  10332 „ € 322773    995.0      8697       218.0 450.0    0. 0     0     246.0 421.9   422.0    -0.1
ƒ‘“„€‘’‚…›‰ O… KM 2290
01.09           3   88493 €‚ H.C.        5398 149.0         0       111.0 150.0    0.     0 0     209.0  52.3    52.0     0.3
02.09           3   88521 €‚ H.C.        5398 139.0         0       209.0   0.0    0.     0 0     150.0  57.9    59.0    -1.1
03.09           3   88544 €‚ H.C.        5398 148.0         0       150.0   0.0    0.     0 0      98.0  51.9    52.0    -0.1
04.09           3   88574 €‚ H.C.        5398 146.0         0        98.0 180.0    0.     0 0     221.0  60.4    57.0     3.4
07.09           3   88600 €‚ H.C.        5398 149.0         0       221.0   0.0    0.     0 0     169.0  52.3    52.0     0.3
08.09           6   88610 €‚ H.C.        5398 145.0         0       169.0 200.0    0.     0 0     313.0  60.0    56.0     4.0
09.09           6   88649 €‚ H.C.        5398 142.0         0       313.0   0.0    0.     0 0     260.0  49.8    53.0    -3.2
10.09           6   88668 €‚ H.C.        5398 138.0         0       260.0   0.0    0.     0 0     212.0  48.4    48.0     0.4
11.09           6   88687 €‚ H.C.        5398 145.0         0       212.0   0.0    0.     0 0     160.0  50.9    52.0    -1.1
14.09           9   88722 €‚ H.C.        5398 257.0         0       160.0 200.0    0.     0 0     260.0 112.6   100.0    12.6
15.09           9   88729 €‚ H.C.        5398 148.0         0       260.0   0.0    0.     0 0     208.0  51.9    52.0    -0.1
‘  1 15 ƒ€€†.…  10367 „ € 322773    1706.0        0       111.0 730.0    0. 0     0     208.0 648.4   633.0    15.4
ƒ‘“„€‘’‚…›‰ O… KI 0839
01.09           2   88499 “‹…         4227 113.0      1011       463.0   0.0    0.     0 0     414.0  49.5    49.0     0.5
02.09           2   88528 “‹…         4227 148.0      1369       414.0   0.0    0.     0 0     349.0  65.3    65.0     0.3
03.09           2   88558 “‹…         4227 121.0      1101       349.0   0.0    0.     0 0     295.0  53.2    54.0    -0.8
04.09           5   88580 “‹…         4227 121.0      1092       295.0   0.0    0.     0 0     242.0  53.1    53.0     0.1
07.09           5   88619 “‹…         4227 82.0        743       242.0   0.0    0.     0 0     206.0  36.0    36.0     0.0
09.09           8   88635 “‹…         4227 82.0        746       206.0 283.0    0.     0 0     453.0  36.0    36.0     0.0
10.09           8   88672 “‹…         4227 82.0        743       453.0   0.0    0.     0 0     417.0  36.0    36.0     0.0
11.09           8   88740 “‹…         4227 106.0       983       377.0   0.0    0.     0 0     330.0  46.8    47.0    -0.2
11.09           8   88704 “‹…         4227 91.0        864       417.0   0.0    0.     0 0     377.0  40.4    40.0     0.4
‘  1 11 ƒ€€†.…  10987 „ € 322780    946.0      8652       463.0 283.0    0. 0     0     377.0 416.3   416.0     0.3
ƒ‘“„€‘’‚…›‰ O… … 0098
01.09           1   88498 …— A.C.      30661 142.0       398     4 120.0   0.0    0.     0 0      77.0  43.1    43.0     0.1
02.09           1   88527 …— A.C.      30661 100.0       304     2  77.0  99.0    0.     0 0     146.0  30.2    30.0     0.2
03.09           1   88549 …— A.C.      30661 186.0       626     4 146.0   0.0    0.     0 0      90.0  56.2    56.0     0.2
04.09           1   88578 …— A.C.      30661 66.0        119     1  90.0   0.0    0.     0 0      70.0  19.8    20.0    -0.2
07.09           4   88618 …— A.C.      30661 112.0       312     3  70.0  90.0    0.     0 0     126.0  34.0    34.0     0.0
08.09           4   88632 …— A.C.      30661 70.0        175     2 126.0   0.0    0.     0 0     105.0  21.3    21.0     0.3
09.09           4   88653 …— A.C.      30661 87.0        244     2 105.0  60.0    0.     0 0     139.0  26.3    26.0     0.3
10.09           4   88671 …— A.C.      30661 96.0        226     2 139.0   0.0    0.     0 0     110.0  29.0    29.0     0.0
‘  1 10 ƒ€€†.…  11606 „ € 330599    859.0      2404    20 120.0 249.0    0. 0     0     110.0 259.9   259.0     0.9
ƒ‘“„€‘’‚…›‰ O… €‚5980-7
01.09           3   88494 ‹‚— ‹.€.    30718 169.0         0     7  88.0 100.0    0.     0 0     135.0  51.9    53.0    -1.1
02.09           3   88523 ‹‚— ‹.€.    30718 165.0         0     8 135.0   0.0    0.     0 0      85.0  50.9    50.0     0.9
03.09           3   88546 ‹‚— ‹.€.    30718 190.0         0     5  85.0 100.0    0.     0 0     127.0  57.6    58.0    -0.4
04.09           3   88575 ‹‚— ‹.€.    30718 171.0         0     8 127.0 100.0    0.     0 0     174.0  52.7    53.0    -0.3
07.09           3   88613 ‹‚— ‹.€.    30718 165.0         0     6 174.0   0.0    0.     0 0     124.0  50.4    50.0     0.4
08.09           6   88629 ‹‚— ‹.€.    30718 180.0         0     8 124.0 100.0    0.     0 0     168.0  55.4    56.0    -0.6
--------------------------------------------------------------------------------------------------------------------------------
 ƒ "¨­ααβΰ®©"                                                                        „ ”› 593952
                                           ‘‚…„…
                                   €‘•„… ’‹‚€  ‡€ ‘…’      2020  ƒ„
62014                                      „€’€ ‘—…’€ 17/09/20                                 ‹‘’   2

--------------------------------------------------------------------------------------------------------------------------------
:    :- :“’…‚‰ ‹‘’ :    ‚  „  ’ … ‹     :…ƒ: ƒ“‡-:‹-:‘’€-: ‹“—…  :‚‡‚€™… :‘’€-:   € ‘ •  „  ::
:„€’€:… :-------------------------------------:      :       :—…‘’-: ’ : ‹ (“) : ‹ (“) : ’ :---------------: +:
:    :‚…„.:… :… :                 : ’€.:    : ’: ‚  :  :-----------:-----------:  :     : ”€’  :……-:
:    :    :€— :„“- :  ”€‹ ..   :…:      :       :…‡„:‚›…‡-:   :   :   :   :‚‡- : … : /‹ :€‘- :
:    :    :      :…’€ :                 :     :      :  ’  :     : „…  : /‹ :‚…„: /‹ :‚…„:‚€’…:       :       :•„ -:
--------------------------------------------------------------------------------------------------------------------------------
09.09           6   88650 ‹‚— ‹.€.    30718 184.0         0    10 168.0   0.0    0.     0 0     112.0  57.1    56.0     1.1
10.09           9   88669 ‹‚— ‹.€.    30718 196.0         0     9 112.0 100.0    0.     0 0     160.0  60.4    52.0     8.4
11.09           9   88689 ‹‚— ‹.€.    30718 176.0         0    10 160.0   0.0    0.     0 0     106.0  54.7    54.0     0.7
12.09           9   88707 ‹‚— ‹.€.    30718 132.0         0     6 106.0   0.0    0.     0 0      66.0  40.7    40.0     0.7
14.09           9   88712 ‹‚— ‹.€.    30718 215.0         0    12  66.0  75.0    0.     0 0      75.0  66.8    66.0     0.8
15.09           9   88730 ‹‚— ‹.€.    30718 182.0         0     8  75.0 100.0    0.     0 0     119.0  56.0    56.0     0.0
‘  1 15 ƒ€€†.…  11614 „ € 330598    2125.0        0    97  88.0 675.0    0. 0     0     119.0 654.6   644.0    10.6
ƒ‘“„€‘’‚…›‰ O… €‚5978-7
03.09           2   88550 €‚—“ ƒ.”.      9644 148.0       312     2 128.0 100.0    0.     0 0     185.0  44.4    43.0     1.4
04.09           5   88581 €‚—“ ƒ.”.      9644 236.0       255     3 185.0  70.0    0.     0 0     185.0  69.4    70.0    -0.6
07.09           2   88615 €‚—“ ƒ.”.      9644 226.0       261     3 185.0   0.0    0.     0 0     120.0  66.4    65.0     1.4
08.09           2   88633 €‚—“ ƒ.”.      9644 178.0       206     2 120.0 100.0    0.     0 0     170.0  51.8    50.0     1.8
09.09           5   88655 €‚—“ ƒ.”.      9644 236.0       338     3 170.0  80.0    0.     0 0     180.0  69.4    70.0    -0.6
10.09           8   88674 €‚—“ ƒ.”.      9644 236.0       316     3 180.0   0.0    0.     0 0     110.0  69.4    70.0    -0.6
11.09           8   88693 €‚—“ ƒ.”.      9644 222.0       502     3 110.0 100.0    0.     0 0     145.0  66.6    65.0     1.6
12.09           8   88708 €‚—“ ƒ.”.      9644 120.0        77     1 145.0  78.0    0.     0 0     188.0  34.3    35.0    -0.7
13.09           8   88709 €‚—“ ƒ.”.      9644 152.0       143     2 188.0  50.0    0.     0 0     193.0  45.6    45.0     0.6
14.09           8   88714 €‚—“ ƒ.”.      9644 162.0       247     2 193.0  50.0    0.     0 0     193.0  48.6    50.0    -1.4
‘  3 14 ƒ€€†.…  11622 „ € 330598    1916.0     2657    24 128.0 628.0    0. 0     0     193.0 565.9   563.0     2.9
ƒ‘“„€‘’‚…›‰ O… €‚5981-7
01.09           2   88496 ‘’…“‹ €..      5230 222.0       434     3  72.0 100.0    0.     0 0     105.0  66.6    67.0    -0.4
02.09           2   88525 ‘’…“‹ €..      5230 214.0       300     3 105.0 100.0    0.     0 0     141.0  64.2    64.0     0.2
03.09           3   88545 ‘’…“‹ €..      5230 180.0         0     8 141.0   0.0    0.     0 0      86.0  55.4    55.0     0.4
07.09           3   88612 ‘’…“‹ €..      5230 170.0         0    10  86.0   0.0    0.     0 0      33.0  52.9    53.0    -0.1
08.09           3   88611 ‘’…“‹ €..      5230 170.0         0    10  33.0 100.0    0.     0 0      80.0  52.9    53.0    -0.1
11.09           9   88688 ‘’…“‹ €..      5230 170.0         0     8  58.0 100.0    0.     0 0     106.0  52.4    52.0     0.4
14.09           8   88723 ‘’…“‹ €..      5230 82.0        152     3 106.0   0.0    0.     0 0      81.0  25.1    25.0     0.1
15.09           8   88733 ‘’…“‹ €..      5230 110.0       160     4  81.0   0.0    0.     0 0      48.0  33.6    33.0     0.6
‘  1 15 ƒ€€†.…  11721 „ € 330602    1318.0     1046    49  72.0 400.0    0. 0     0      48.0 403.1   402.0     1.1
ƒ‘“„€‘’‚…›‰ O… €0119-7
01.09           3   88127 …‰€ ..        4161 187.0         0        15.0  70.0    0.     0 0      52.0  33.7    33.0     0.7
02.09           3   88520 …‰€ ..        4161 176.0         0        52.0   0.0    0.     0 0      21.0  31.7    31.0     0.7
03.09           3   88543 …‰€ ..        4161 172.0         0        21.0  80.0    0.     0 0      70.0  31.0    31.0     0.0
04.09           3   88573 …‰€ ..        4161 178.0         0        70.0   0.0    0.     0 0      38.0  32.0    32.0     0.0
07.09           3   88599 …‰€ ..        4161 172.0         0        38.0  80.0    0.     0 0      87.0  31.0    31.0     0.0
08.09           3   88609 …‰€ ..        4161 178.0         0        87.0   0.0    0.     0 0      55.0  32.0    32.0     0.0
09.09           6   88648 …‰€ ..        4161 172.0         0        55.0   0.0    0.     0 0      25.0  31.0    30.0     1.0
10.09           9   88667 …‰€ ..        4161 176.0         0        25.0  50.0    0.     0 0      43.0  31.7    32.0    -0.3
11.09           9   88686 …‰€ ..        4161 174.0         0        43.0   0.0    0.     0 0      12.0  31.3    31.0     0.3
14.09           9   88721 …‰€ ..        4161 179.0         0        12.0  80.0    0.     0 0      60.0  32.2    32.0     0.2
15.09           9   88728 …‰€ ..        4161 175.0         0        60.0   0.0    0.     0 0      29.0  31.5    31.0     0.5
‘  1 15 ƒ€€†.…  11746 „ € 310900    1939.0        0        15.0 360.0    0. 0     0      29.0 349.1   346.0     3.1
ƒ‘“„€‘’‚…›‰ O… €0116-7
01.09           1   88501 ‹‰ A.A.        2021 74.0        186     3 140.0   0.0    0.     0 0     118.0  22.7    22.0     0.7
02.09           1   88502 ‹‰ A.A.        2021 48.0        108     2 118.0  60.0    0.     0 0     163.0  14.7    15.0    -0.3
04.09           4   88503 ‹‰ A.A.        2021 116.0       259     4 163.0   0.0    0.     0 0     128.0  35.4    35.0     0.4
05.09           4   88551 ‹‰ A.A.        2021 76.0         92     3 128.0  70.0    0.     0 0     175.0  23.3    23.0     0.3
07.09           4   88552 ‹‰ A.A.        2021 56.0        106     2 175.0   0.0    0.     0 0     158.0  17.1    17.0     0.1
10.09           4   88553 ‹‰ A.A.        2021 112.0       225     4 158.0   0.0    0.     0 0     123.0  34.2    35.0    -0.8
‘  1 10 ƒ€€†.…  11754 „ € 330599    482.0       976    18 140.0 130.0    0. 0     0     123.0 147.4   147.0     0.4
ƒ‘“„€‘’‚…›‰ O… €1122-7
01.09           1   88507 •€’‚ C.ƒ.    8923 92.0        241     3  35.0  90.0    0.     0 0      97.0  28.0    28.0     0.0
02.09           1   88530 •€’‚ C.ƒ.    8923 58.0         86     2  97.0   0.0    0.     0 0      80.0  17.7    17.0     0.7
03.09           1   88557 •€’‚ C.ƒ.    8923 138.0       381     4  80.0  80.0    0.     0 0     118.0  41.9    42.0    -0.1
--------------------------------------------------------------------------------------------------------------------------------
 ƒ "¨­ααβΰ®©"                                                                        „ ”› 593952
                                           ‘‚…„…
                                   €‘•„… ’‹‚€  ‡€ ‘…’      2020  ƒ„
62014                                      „€’€ ‘—…’€ 17/09/20                                 ‹‘’   3

--------------------------------------------------------------------------------------------------------------------------------
:    :- :“’…‚‰ ‹‘’ :    ‚  „  ’ … ‹     :…ƒ: ƒ“‡-:‹-:‘’€-: ‹“—…  :‚‡‚€™… :‘’€-:   € ‘ •  „  ::
:„€’€:… :-------------------------------------:      :       :—…‘’-: ’ : ‹ (“) : ‹ (“) : ’ :---------------: +:
:    :‚…„.:… :… :                 : ’€.:    : ’: ‚  :  :-----------:-----------:  :     : ”€’  :……-:
:    :    :€— :„“- :  ”€‹ ..   :…:      :       :…‡„:‚›…‡-:   :   :   :   :‚‡- : … : /‹ :€‘- :
:    :    :      :…’€ :                 :     :      :  ’  :     : „…  : /‹ :‚…„: /‹ :‚…„:‚€’…:       :       :•„ -:
--------------------------------------------------------------------------------------------------------------------------------
04.09           4   88582 •€’‚ C.ƒ.    8923 110.0       274     3 118.0   0.0    0.     0 0      85.0  33.4    33.0     0.4
‘  1  4 ƒ€€†.…  11771 „ € 330598    398.0       982    12  35.0 170.0    0. 0     0      85.0 121.0   120.0     1.0
ƒ‘“„€‘’‚…›‰ O… €3434-7
01.09           1   88504 € ‚ ‚         9318 86.0        253     4  56.0   0.0    0.     0 0      30.0  26.5    26.0     0.5
02.09           1   88505 € ‚ ‚         9318 88.0        207     3  30.0  80.0    0.     0 0      83.0  26.9    27.0    -0.1
03.09           1   88506 € ‚ ‚         9318 104.0       350     4  83.0   0.0    0.     0 0      51.0  31.9    32.0    -0.1
04.09           4   88554 € ‚ ‚         9318 118.0       357     5  51.0 100.0    0.     0 0     115.0  36.3    36.0     0.3
05.09           4   88555 € ‚ ‚         9318 88.0        237     3 115.0   0.0    0.     0 0      88.0  26.9    27.0    -0.1
07.09           4   88556 € ‚ ‚         9318 148.0       406     5  88.0  60.0    0.     0 0     103.0  45.2    45.0     0.2
08.09           4   88604 € ‚ ‚         9318 158.0       553     6 103.0 100.0    0.     0 0     154.0  48.4    49.0    -0.6
09.09           4   88605 € ‚ ‚         9318 160.0       468     6 154.0  50.0    0.     0 0     155.0  49.0    49.0     0.0
‘  1  9 ƒ€€†.…  11789 „ € 330599    950.0      2831    36  56.0 390.0    0. 0     0     155.0 291.1   291.0     0.1
ƒ‘“„€‘’‚…›‰ O… AM9776-7
01.09           1   88497 ‹•’… ‹.‹.   32212 164.0       437     4  52.0 100.0    0.     0 0     102.0  49.6    50.0    -0.4
02.09           1   88526 ‹•’… ‹.‹.   32212 136.0       338     3 102.0  90.0    0.     0 0     151.0  41.1    41.0     0.1
03.09           1   88548 ‹•’… ‹.‹.   32212 136.0       338     3 151.0   0.0    0.     0 0     110.0  41.1    41.0     0.1
04.09           1   88577 ‹•’… ‹.‹.   32212 109.0       294     3 110.0   0.0    0.     0 0      78.0  33.1    32.0     1.1
07.09           4   88617 ‹•’… ‹.‹.   32212 74.0        178     2  78.0 100.0    0.     0 0     156.0  22.5    22.0     0.5
08.09           4   88631 ‹•’… ‹.‹.   32212 82.0        186     2 156.0   0.0    0.     0 0     132.0  24.8    24.0     0.8
‘  1  8 ƒ€€†.…  11819 „ € 330602    701.0      1771    17  52.0 290.0    0. 0     0     132.0 212.2   210.0     2.2
ƒ‘“„€‘’‚…›‰ O… €H3129-7
01.09           3   88495 “…‰ B.C.      1971 186.0         0    11  66.0 100.0    0.     0 0     108.0  57.9    58.0    -0.1
02.09           3   88524 “…‰ B.C.      1971 182.0         0     8 108.0 100.0    0.     0 0     152.0  56.0    56.0     0.0
03.09           3   88547 “…‰ B.C.      1971 187.0         0     6 152.0 100.0    0.     0 0     195.0  57.0    57.0     0.0
04.09           3   88576 “…‰ B.C.      1971 185.0         0     8 195.0   0.0    0.     0 0     138.0  56.9    57.0    -0.1
07.09           3   88614 “…‰ B.C.      1971 187.0         0    10 138.0 100.0    0.     0 0     180.0  58.0    58.0     0.0
08.09           3   88630 “…‰ B.C.      1971 188.0         0     9 180.0   0.0    0.     0 0     122.0  58.0    58.0     0.0
09.09           6   88651 “…‰ B.C.      1971 177.0         0     6 122.0   0.0    0.     0 0      68.0  54.0    54.0     0.0
10.09           6   88670 “…‰ B.C.      1971 187.0         0    11  68.0  95.0    0.     0 0     105.0  58.2    58.0     0.2
11.09           6   88690 “…‰ B.C.      1971 190.0         0    10 105.0  80.0    0.     0 0     126.0  58.9    59.0    -0.1
14.09           9   88713 “…‰ B.C.      1971 172.0         0    12 126.0   0.0    0.     0 0      72.0  54.0    54.0     0.0
15.09           9   88732 “…‰ B.C.      1971 197.0         0    10  72.0 100.0    0.     0 0     111.0  60.9    61.0    -0.1
16.09           9   88748 “…‰ B.C.      1971 208.0         0     6 111.0  83.0    0.     0 0     131.0  63.2    63.0     0.2
‘  1 16 ƒ€€†.…  11827 „ € 330602    2246.0        0   107  66.0 758.0    0. 0     0     131.0 693.0   693.0     0.0
ƒ‘“„€‘’‚…›‰ O… €5270-7
01.09           3   88491 €’›‚ ‚..    19061 174.0         0     5 234.0   0.0    0.     0 0     156.0  79.2    78.0     1.2
‘  1  1 ƒ€€†.…  12246 „ € 330600    174.0         0     5 234.0 0.0      0. 0     0     156.0  79.2    78.0     1.2
ƒ‘“„€‘’‚…›‰ O… €I1335-7
10.09           9   88676 ‘‹€ .C.       3565 258.0         0     5 309.0 130.0    0.     0 0     314.0 124.5   125.0    -0.5
11.09           9   88685 ‘‹€ .C.       3565 258.0         0     5 314.0 120.0    0.     0 0     307.0 124.5   127.0    -2.5
16.09           9   88760 ‘‹€ .C.       3565 225.0         0     4 334.0 125.0    0.     0 0     349.0 108.4   110.0    -1.6
‘ 10 16 ƒ€€†.…  12350 „ € 330610    741.0         0    14 309.0 375.0    0. 0     0     349.0 357.4   362.0    -4.6
ƒ‘“„€‘’‚…›‰ O… €T0777-7
01.09           2   88516  ‘..        1457 72.0        355       257.0   0.0    0.     0 0     211.0  45.7    46.0    -0.3
02.09           3   88522  ‘..        1457 146.0         0       211.0   0.0    0.     0 0     136.0  75.4    75.0     0.4
04.09           5   88594  ‘..        1457 102.0       715       136.0 150.0    0.     0 0     211.0  74.9    75.0    -0.1
08.09           5   88596  ‘..        1457 252.0      2074       211.0   0.0    0.     0 0      70.0 141.0   141.0     0.0
‘  1  8 ƒ€€†.…  13064 „ € 340502    572.0      3144       257.0 150.0    0. 0     0      70.0 337.0   337.0     0.0
ƒ‘“„€‘’‚…›‰ O… AC1659-7
04.09           5   88595 €“ B.M.     9075 82.0        576       127.0 150.0    0.     0 0     228.0  49.4    49.0     0.4
05.09           2   88562 €“ B.M.     9075 68.0        396       228.0   0.0    0.     0 0     184.0  43.3    44.0    -0.7
07.09           5   88607 €“ B.M.     9075 88.0        653       184.0   0.0    0.     0 0     126.0  57.0    58.0    -1.0
08.09           5   88645 €“ B.M.     9075 54.0        224       126.0 150.0    0.     0 0     247.0  30.1    29.0     1.1
09.09           5   88517 €“ B.M.     9075 68.0        463       247.0   0.0    0.     0 0     203.0  43.4    44.0    -0.6
--------------------------------------------------------------------------------------------------------------------------------
 ƒ "¨­ααβΰ®©"                                                                        „ ”› 593952
                                           ‘‚…„…
                                   €‘•„… ’‹‚€  ‡€ ‘…’      2020  ƒ„
62014                                      „€’€ ‘—…’€ 17/09/20                                 ‹‘’   4

--------------------------------------------------------------------------------------------------------------------------------
:    :- :“’…‚‰ ‹‘’ :    ‚  „  ’ … ‹     :…ƒ: ƒ“‡-:‹-:‘’€-: ‹“—…  :‚‡‚€™… :‘’€-:   € ‘ •  „  ::
:„€’€:… :-------------------------------------:      :       :—…‘’-: ’ : ‹ (“) : ‹ (“) : ’ :---------------: +:
:    :‚…„.:… :… :                 : ’€.:    : ’: ‚  :  :-----------:-----------:  :     : ”€’  :……-:
:    :    :€— :„“- :  ”€‹ ..   :…:      :       :…‡„:‚›…‡-:   :   :   :   :‚‡- : … : /‹ :€‘- :
:    :    :      :…’€ :                 :     :      :  ’  :     : „…  : /‹ :‚…„: /‹ :‚…„:‚€’…:       :       :•„ -:
--------------------------------------------------------------------------------------------------------------------------------
14.09           8   88716 €“ B.M.     9075 102.0       806       203.0   0.0    0.     0 0     127.0  76.1    76.0     0.1
15.09           8   88718 €“ B.M.     9075 104.0       806       127.0  99.3    0.     0 0     147.0  79.0    79.3    -0.3
‘  4 15 ƒ€€†.…  13072 „ € 340502    566.0      3924       127.0 399.3    0. 0     0     147.0 378.3   379.3    -1.0
ƒ‘“„€‘’‚…›‰ O… AC1994-7
’ƒ  ‹…
„‡’‹‚                                          18634          399        6437.          0                        6302.
                                                            37084                     0.0    0               6335.      33.5
                                „‡’‹‚
’ƒ  €
„‡’‹‚                                       18634.0           399     6437.3      0                           6302.3
                                                            37084                0.00        0            6335.8        33.5
